12353
7060
24149
2498
5936
831
6576
6287
3306
4165
14379
3174
21353
8597
6667
8860
11241
10646
16132
23908
19989
10166
3221
11999
10644
16557
7993
14399
21559
20706
10715
17598
2011
1919
22866
23028
7282
8978
14530
8659
9737
11905
12227
22435
5665
6168
20330
7743
9585
1515
23291
6648
1350
14981
3080
18170
7996
11536
24231
8519
1318
16832
12297
10510
16115
24125
21079
2017
5113
15334
19169
888
10472
14628
16456
22152
8200
24323
1943
5637
16855
16795
22797
23637
9858
19464
2400
9533
8986
17350
18000
22605
17867
4866
6375
8226
8675
8826
9640
14683
7978
24088
1576
10436
10746
20492
4407
21180
4806
16813
18369
5909
22755
10246
23982
24108
9348
9895
11724
9491
18734
8339
14654
6778
8330
9043
10926
23749
9907
11053
4019
8387
22332
14468
11134
12782
2502
14735
24075
325
12632
12336
18902
2127
15819
13537
13209
6187
3308
17373
6650
21005
17945
15663
769
6681
19852
15724
8220
16777
15607
14974
4142
4904
16447
8714
19018
24867
8367
20842
4807
22034
17511
3261
21571
19010
5863
14915
614
906
23998
2227
2069
10055
13096
6771
21396
11769
22580
7857
24908
7800
20226
5943
9673
8842
6785
21715
12300
21017
1540
5552
12885
1167
3456
7812
22774
17276
6460
14638
24508
21539
508
23534
24460
21293
14185
2212
14260
22917
20333
8786
4353
13210
7350
7361
23621
9978
5287
16408
869
16584
4052
17803
2214
131
3361
23960
24690
3590
1088
3024
2539
9579
22927
8206
4867
24035
20890
21818
4460
2937
15743
11982
5632
17726
10682
3785
7013
17837
18446
6363
203
19108
1899
22745
16299
2316
9086
13432
9320
14857
13835
6908
2462
2329
5559
22103
18347
20234
10677
7771
21337
14662
11722
4315
3957
8487
8130
14239
9830
20949
20276
426
1344
20466
5591
6003
3611
2809
14546
4507
1701
1173
6285
22786
3954
15878
4619
14357
17933
24659
8946
18891
589
17280
109
3925
26
16350
5795
7649
23312
5935
20129
24548
10975
123
1891
16226
19700
18438
11817
23622
11672
5246
23411
931
15871
11915
10111
16149
17669
1233
4162
21268
6828
4010
3604
19871
2335
1072
17408
21821
9547
5408
9891
21446
8134
19924
12492
6166
1661
1706
4191
1248
16499
6709
21973
15753
2016
6268
1245
4960
17965
21674
12467
16301
20769
14405
20732
24744
20297
20289
21990
7878
23038
12137
15904
2368
13773
14009
4771
12154
1162
2933
7883
13208
17184
10839
6377
10816
21851
4466
15078
10035
16455
23256
18762
8236
8673
2116
21607
7577
15368
20774
4981
24812
16473
4876
10525
13501
10615
9445
1104
21945
5355
1410
702
21907
5052
19450
7256
23302
16463
12794
21342
4001
894
21636
11538
14943
12911
24737
9390
1458
5785
339
15790
13086
16398
23321
14517
13431
1950
13643
3001
22
16266
9344
16332
1833
12505
16646
7437
20358
20558
836
10386
10825
23997
17877
13752
20902
22344
4307
2854
15418
684
4646
9868
21459
20181
24152
8815
13117
11748
18647
23077
2282
6191
12501
19452
7846
6965
3289
3603
20258
9787
1386
20864
754
21902
14738
8791
21736
11637
21954
13087
17118
21291
8577
19904
5029
22726
15122
7906
21451
19486
14864
18344
9556
2482
5602
4670
15816
4203
22136
8944
21926
1753
14247
22710
4201
8163
19288
16582
22419
13902
11169
6949
5216
6169
17758
13458
11664
1503
18378
24201
22702
14534
23917
20657
23760
1370
21221
21901
17524
9581
1055
7587
23564
16019
4413
12691
14427
19912
9458
8241
24703
1287
13883
21529
3629
310
17490
464
2263
17173
13558
15627
8252
21160
4637
338
20813
4663
4615
22574
17017
6558
2142
7666
19177
24414
9368
1262
13194
23240
24509
12674
235
19049
6342
5892
12409
12056
15246
3015
5299
16625
5605
23435
4651
17063
1611
14932
7494
20360
17773
19312
1954
6401
2176
13145
15404
4328
21758
6707
15741
24137
21109
7338
13854
14998
2191
18936
18917
20896
13354
1201
16267
16929
8041
19944
10127
15174
2815
18356
18472
15599
17974
12117
9785
4393
10048
6587
11349
23245
7583
16837
22287
2572
24791
18856
11712
13993
23405
15172
10006
8735
21503
6964
13265
14321
9508
24579
5159
7924
20808
14769
20243
3418
15761
22179
10750
22322
12894
18434
12878
18230
2816
20931
15602
18062
15691
12161
13814
12605
12087
2272
14889
8557
7683
19569
23426
4965
16883
21401
6456
23356
16305
13361
12320
18787
4263
22207
3200
4583
5506
21139
7424
6474
24115
18869
15163
5698
3126
14519
15867
12072
13891
10748
22905
19105
15844
14104
24786
7808
3048
10351
15796
19619
21278
24928
1610
430
5477
1279
588
20343
15077
11355
10729
17457
62
9947
12365
22476
18736
20419
1121
4461
14983
19376
1817
9846
11547
1883
24257
9304
15874
12347
1080
7405
8623
20697
23972
6057
16112
15960
24465
16378
8621
3474
14561
24495
24413
6512
12493
13168
9507
14656
21039
8390
9442
5979
284
10995
12082
10256
1572
16485
20505
15652
21248
17252
18043
9686
3822
4895
16325
6575
10529
11297
8703
11314
24893
15052
18778
16823
22759
18466
24005
8346
24461
8552
4747
4190
116
7038
16528
21844
22954
1570
3506
20411
2640
4830
15931
17512
15626
24999
13118
16885
8523
19334
2465
15364
23811
17271
5144
18592
20498
503
3434
1505
3195
5938
17556
13969
20538
8997
7695
18883
1471
23642
1799
3282
22126
6813
7304
13077
15033
23762
13065
13782
5285
14513
3612
20636
13976
24054
19940
22805
17671
13344
17202
24144
2853
21834
13177
7139
16480
9774
13913
13484
11574
23478
17732
3869
10399
2807
18058
23720
24101
10363
4080
12453
12145
5824
4094
24688
2596
15377
11436
19907
1765
15657
11800
22570
2082
5061
16262
19436
20471
1194
5877
3520
14672
22073
19633
19630
18865
4482
20995
544
4077
1388
3036
13115
16618
8924
2957
18483
1669
24497
24933
21631
2677
24622
315
24040
3832
22719
22070
22056
5004
17322
13749
14802
7605
4951
24017
7309
1466
17614
11782
23664
6272
13714
21960
12886
13476
5124
6758
6646
23061
24583
4104
20833
476
24485
1752
12112
9091
5705
7220
13812
7891
16760
9985
20113
5702
4433
13483
17044
4204
10361
14876
5384
7308
14721
9740
17360
17579
5687
6850
14749
14313
13754
24947
14674
17205
11179
13680
1312
11403
8501
24713
16083
9692
17071
16419
24207
21894
857
2124
3973
21721
23176
192
1110
6238
20481
4526
17909
5273
10490
13146
17550
16161
16409
24681
20022
11556
18175
9411
5595
1230
16678
23
4076
13529
6816
15370
21573
17768
22072
23328
8745
18858
18687
300
15303
16606
44
9434
23166
15948
8215
8985
18192
13099
239
19125
21876
21557
739
22810
17967
20907
23889
221
9833
14356
24589
21756
21439
24676
12264
4376
12609
11277
14494
14820
215
11153
17329
9540
7357
2833
8614
1359
24621
3763
269
16648
23179
7086
18475
16080
11791
17452
11994
16291
23094
6292
3798
21699
6451
1854
5922
2250
20300
9416
2604
11168
24719
10838
21422
19831
11034
9188
12450
22957
7831
13057
16392
9553
10597
18136
8048
8510
4286
12974
16565
3061
11074
24168
8752
4692
11673
9997
5313
956
21045
1632
397
7154
9211
9883
10974
11293
18527
6441
10431
4457
22297
20689
11801
8649
11152
21327
9200
14303
5919
14347
17275
7143
232
11391
15518
17753
24986
24971
19973
21207
11370
5600
5017
16289
19159
9512
7504
302
23248
8493
5842
20271
1989
11635
8173
6244
22659
6715
22468
24614
9526
19441
24633
18769
17296
1886
21576
10918
4124
6557
16743
22935
17395
21495
14320
12103
16347
494
3682
13576
22090
18595
16542
15800
12663
11931
5520
24623
7348
19146
8313
17099
4143
11846
8468
12682
2441
9057
11023
18457
1829
4151
15905
16798
8494
16525
10396
1335
889
223
18873
11343
24915
10342
1498
12460
1639
16256
5646
11049
4099
10154
13559
7672
5830
15148
1401
4950
1588
15112
784
12644
6875
74
11789
11010
5860
13200
2781
6379
24008
20727
1725
13777
838
22631
20221
6720
23918
15670
20516
10540
4534
11514
15016
10702
990
12413
6668
13154
4697
7327
8599
4108
13191
19426
13647
6718
5732
15482
23817
8840
19250
16630
16548
13195
16228
10043
5999
15267
7803
12081
3872
10238
3437
10907
15180
19635
6641
4969
4766
2178
1674
12392
22096
3029
4398
3425
5404
350
6821
3715
14960
19076
1052
20779
5601
22032
23780
9273
22315
7869
1454
21196
18581
8205
13588
4856
17478
9067
4343
17022
11461
7864
1857
6872
5693
12464
1142
1150
2566
23857
24955
12756
20133
14079
18069
23816
21935
3511
13012
7874
2505
434
9081
8993
3659
7527
11286
753
13536
13704
19559
7940
4794
19643
8429
8412
23586
10356
1068
9775
10374
11787
11050
22985
21865
17599
20641
2960
2978
12061
15578
1273
7284
16931
14849
7851
21272
3766
5249
23840
2559
11273
23317
5446
6029
19116
7444
3109
1469
6185
17460
12583
4364
7702
6504
3071
12499
2674
6486
22782
14302
1926
24421
9004
8375
11888
11725
15079
9249
23031
12478
3230
7279
5548
13081
19782
12624
23600
12091
10138
3701
9777
3273
14487
8096
24675
1491
14271
20036
22451
5730
21705
3238
88
21145
13750
193
12164
21589
23929
14359
19338
20889
7470
18266
11137
20581
17832
1238
1039
19468
8824
24356
7291
12039
3187
4797
6467
15582
23890
4633
3423
20470
16273
18460
15940
10278
4161
7551
16748
18077
12387
23014
516
20130
23247
15515
23132
4111
14572
14693
20365
10809
17475
12476
12660
17675
16361
1478
2513
21140
21662
1481
322
632
6806
17157
3966
14591
13816
6255
15808
14516
6175
20107
19526
8808
18887
13515
6498
3891
19180
20757
5431
14249
1455
19247
1779
24320
3499
6955
16352
15492
15331
24921
23318
2550
5837
12703
11018
24514
220
14525
4544
3628
6065
7404
2317
7258
13768
15197
24080
21094
21964
5347
55
23785
991
11082
9986
7162
22602
8566
16065
2490
6926
7814
5500
5247
7946
791
18120
848
6100
2920
9710
6081
24565
9350
21799
12328
24311
21247
18382
19950
20990
15718
7997
3729
6060
14382
2438
20142
571
18060
6735
8363
13820
6062
21948
1161
726
12667
12876
5371
5174
480
22794
13892
10262
15
7169
25
13171
14703
16545
17677
897
3939
11360
9124
13138
12511
24954
11871
572
8045
17357
375
16491
14176
21478
4267
21112
2469
3750
9848
1448
7248
13988
5977
14692
14501
12736
4606
23495
14992
16011
9716
13369
603
16423
9049
10855
22987
23952
17582
24585
16766
6891
17447
24214
19845
9040
16418
22899
17703
3401
7206
24759
14826
19422
7245
22723
7826
13424
17051
12896
7608
14942
15830
10292
16313
19596
3818
24882
21308
17219
15427
15409
13627
1042
13533
16327
16947
16561
17413
5590
4629
3263
5257
6900
24762
6404
23993
8382
20956
16543
6479
9296
8046
14157
23683
24348
18197
7196
10645
8407
16445
24887
2780
15298
12152
2531
9656
2547
257
3748
20626
5624
24778
18970
21046
7442
4276
911
12354
13968
965
23693
21955
22611
8343
15803
17233
15788
18576
18827
24878
3097
5252
3327
898
14117
10994
6410
19773
5099
11525
19717
21100
20493
14328
11201
2000
5688
15042
7272
2507
10578
8930
17624
9239
22575
8351
2281
3110
6618
19054
6205
3711
8772
20509
2904
22513
11243
5640
3150
23296
2115
24804
4879
5390
11512
1313
23196
20739
18632
13167
24647
22324
23620
21130
11849
3621
16806
683
15457
6385
18551
7034
13949
10663
16860
11352
6310
24437
1665
9675
142
11459
20954
6267
9506
10568
7566
15193
8509
13953
13509
12579
16315
5048
21546
3218
320
10606
2592
8001
20238
17629
16790
24376
7438
12122
2995
20254
522
13584
13695
12790
2231
17134
23991
23457
13862
14083
7333
20053
17444
4139
21603
24076
222
14462
16853
3093
12429
10355
3092
8767
23581
4727
4066
24216
16904
22540
22662
19306
23260
11468
24458
20993
11275
5951
24111
23701
17081
7418
20814
24006
8265
19770
381
21348
1608
2552
11602
13319
8973
15274
22761
9583
18966
13724
18251
582
5981
7366
6554
2106
17506
23648
18056
6608
6962
9714
11834
4681
2575
11016
2591
6023
5464
23602
21776
2387
13879
4128
17256
1064
9980
3400
6122
8801
16360
24506
173
13981
24082
14710
12446
224
24970
13961
20055
5970
21986
21828
17519
21550
5089
6769
17944
297
13636
3299
12052
914
12599
9464
18358
20590
1054
4524
3873
15632
10660
1626
1099
8585
23576
12877
9649
6087
24524
1615
18245
4422
15973
11709
8319
17510
9494
2846
1604
3584
6867
6229
1228
18874
5534
23566
19026
22423
3356
21151
4999
8518
21676
24417
2893
5610
1575
19737
2987
24395
4230
9708
20562
5459
363
16205
4390
168
9422
12891
24897
10440
15604
7085
2721
11420
21696
21367
2175
17555
19640
20897
11733
6263
21158
20804
15755
24627
15795
17455
1673
10588
204
20950
7904
10362
23763
13597
6387
15510
18553
24258
4912
21813
17557
2436
12273
2163
16500
9704
17925
23194
2837
23447
19797
14909
4625
2150
7576
22804
1296
6682
9291
7798
1892
21197
17504
20750
17288
1144
12808
12419
20034
7850
3738
7355
3075
14264
15131
10106
15539
21565
3124
9890
8950
8110
7700
19498
14936
8584
3988
18477
4409
1787
590
16145
12107
17374
2730
7806
1997
9362
6839
17812
2203
4847
5254
22862
16966
21271
19121
553
22875
8114
20712
15935
23567
3878
8093
18162
10004
13614
8563
5859
6819
20223
161
10893
910
13328
9825
3897
3582
3183
24050
22289
3295
5231
20825
18627
14051
8102
7441
17761
21055
5562
8956
1911
14388
20989
6115
3706
1183
148
14466
8184
24616
22966
7710
23839
1912
17050
20735
23055
19817
10314
14789
5954
14732
1496
10514
12557
13082
2983
13751
1428
4923
6981
12822
19672
10619
16824
13478
20741
17602
15756
19925
21825
22615
21956
15812
5296
2862
16925
12713
17481
722
1613
18740
7908
6786
16425
23101
1460
12523
4072
22441
22474
8797
11051
5818
13347
12255
4314
14025
20075
12144
18676
17694
20349
12903
12494
8499
15473
15403
7057
22960
9184
23644
4278
7828
8341
21647
6425
15442
22792
20143
8445
1105
21195
8618
23246
16949
8737
12578
16670
18706
20819
23596
4336
19325
8474
484
19968
1569
17564
23587
5577
13383
7014
11175
7051
4087
9954
20306
8574
11421
4370
8926
13094
10243
11997
23052
17479
9968
11024
14860
6407
13321
10617
14679
20761
17735
7315
17309
21389
3561
16426
24362
16109
9331
2161
20858
693
16752
17920
3548
274
12641
17100
24002
17381
2870
20570
14090
9035
9827
14613
840
2485
18749
16901
8800
10548
17242
9343
18623
14300
12647
13600
5311
14219
20790
20206
23541
17973
11904
6004
7895
15997
8157
8091
17966
6607
15394
21962
13956
10214
9694
7578
23151
13034
21119
12835
20266
12423
11269
6076
12533
23599
19765
742
6176
24119
7232
18332
10587
17972
6723
24467
8065
13786
13230
12
15826
15459
23719
23544
2056
10665
21711
17009
14778
1086
21615
2772
3566
21561
16045
19461
18988
21649
19883
24091
15762
3965
9076
5456
8545
19937
19170
20337
18299
8782
12577
18713
6374
20536
11019
22232
3336
3585
4551
8755
16779
933
11038
16268
16388
10659
6991
21927
3467
15178
24404
12914
21262
23662
12731
21618
18535
22874
16446
10634
19890
12242
4341
8984
18931
19600
24831
4303
2864
3246
10687
20671
14606
9118
21835
11323
3686
15849
16454
9939
18877
21280
24352
5667
2251
18297
6167
5122
5366
12226
17532
20079
4117
22254
23286
13914
13327
17497
20734
9189
18818
1511
15176
24292
541
10705
18739
11586
9849
22219
15919
19674
22881
10487
689
22522
11677
12344
17738
14298
21336
22273
1314
18313
23322
10337
9812
12101
9760
13160
10080
15529
3580
6824
562
16138
12628
20764
1827
15647
19147
5010
11654
6136
12348
10577
18196
11544
7764
16021
16868
11476
14237
7371
24344
22539
8781
9297
21511
19690
2314
5958
20293
1762
7201
4918
6008
6128
23941
13011
22583
2655
16812
11013
19809
17588
13934
2997
13451
1264
22635
3518
24212
7705
8444
5067
17198
16113
13238
7753
9699
10793
3739
13296
21593
19101
14342
6308
24483
19828
15832
200
16726
8244
12805
10323
19340
3936
23673
11608
20806
22231
21697
10594
7656
6099
17847
17062
19467
15130
9307
23871
2683
15248
15655
7949
2225
271
5918
24639
17628
2672
1837
12090
14142
21995
69
2684
22135
7425
6344
19439
1668
18345
8764
21267
2808
24895
2784
23949
17879
4280
8188
23753
23221
24046
2188
4984
21104
21467
19407
10820
17317
16074
22908
16604
3947
2257
4962
22110
3122
6638
11531
16875
20718
230
2443
2226
20210
18933
24542
10736
15260
10669
2834
8607
24114
19787
10211
4206
3683
2412
9607
2681
24382
6622
6792
18901
4611
8570
12005
1136
10565
20850
23389
23128
5476
7008
11232
24631
23150
1128
10763
12289
1816
15231
23118
12439
8037
3909
18001
4819
1275
1953
12208
13825
4983
4133
10240
6376
23058
14714
18085
3649
9341
3422
8456
5293
539
20599
10879
1190
12141
6510
14990
9470
5715
12899
9700
4005
4096
9208
22351
11893
17105
9263
24588
2792
3911
7813
21810
16336
4046
9131
4925
16913
21669
9733
15943
17917
11146
2790
12789
24806
2578
5295
1879
5753
2345
14483
15570
17258
5851
12232
18482
19345
10302
24379
2948
20016
8776
21577
21029
10212
8611
6266
12932
24747
19445
285
20585
21980
20920
22247
21022
5848
10832
2484
8983
14071
11736
20473
24300
23326
3021
19245
14370
9633
20693
19616
16054
19093
21700
6445
19665
14021
4894
19513
10084
17841
22140
12600
21685
20560
3699
1930
13944
12169
13028
10623
22998
13878
13262
8828
8193
13150
17353
6606
7231
12430
51
12884
19454
2080
13107
774
15217
12278
8089
18658
15771
19072
10847
4640
12773
6130
7189
4734
6797
24365
10236
23425
22620
14910
22407
13718
6276
16309
2753
21712
15462
16026
6134
12813
14417
10406
14257
9027
14539
17208
6505
17469
20045
18286
19080
12861
22497
11660
4858
24309
15290
16705
24191
79
21923
20618
16985
2477
21811
10776
3519
16089
23906
20823
6746
9639
14004
18015
18932
20974
10944
5508
5128
245
478
1562
21853
7240
4952
5192
4027
16864
13659
13338
15829
8977
7875
1031
3559
1065
8927
9752
11530
1598
8129
22920
23743
9379
18918
18075
22300
21698
2167
7121
17964
16088
18383
12140
12032
14453
8204
9190
19172
18361
8504
8802
11119
1895
23560
7598
3553
22646
7392
18545
11749
15554
12525
18646
9990
7452
20118
11984
12506
4509
12854
23180
22814
1391
12645
12943
12287
21314
20005
19721
12397
18916
5016
1041
11266
19913
22496
10
6173
1993
7843
4800
16993
23938
13452
24440
13051
9555
11487
15507
1244
2728
14094
2177
18142
12426
801
4988
10332
12333
10477
8609
5593
3351
24830
18588
7569
23238
17692
13303
15005
20153
12188
15484
844
13674
13108
14901
5809
7037
13442
6124
22128
5540
24128
2992
1073
11560
12688
10524
16260
13237
24667
23700
1482
3335
5972
2186
13302
1835
20314
18903
2974
16343
17767
10712
11975
11938
23050
11405
19079
11031
13897
20190
5242
24875
1996
2411
21833
2114
17464
11875
1995
17380
23702
22466
4349
23725
16916
19709
1512
2092
20409
10904
6202
19603
13287
10720
10854
2744
24570
20799
21506
17857
12564
11549
2892
7224
13635
19790
20319
8293
7916
5115
10010
12967
22280
16184
5403
23122
16402
7221
16206
7226
3796
1300
13541
11829
4744
7431
13179
10429
18701
4563
1897
23108
15912
23978
5250
13092
94
18487
20840
5177
8701
2617
887
10561
19470
8622
4520
11320
18035
1743
9542
16838
23207
12095
22901
18094
19421
9955
20999
6243
3858
4017
12341
8108
2460
24415
24568
23950
11605
6804
14921
20255
21517
14813
12548
17712
1654
642
17386
6789
10747
20169
12531
23443
7474
15385
12340
24221
15629
19730
12522
24244
7879
13388
17440
6067
4953
445
944
9840
7179
643
3073
113
22060
2624
3163
595
552
15822
20438
21646
11640
18209
11204
11170
14198
10611
19637
3724
5457
7698
23053
18149
6332
21047
6020
8602
1246
23241
12554
20832
11972
3471
21453
23126
17918
19577
11389
24730
12106
5723
8730
18229
3956
4773
24880
19263
2380
528
5114
4824
17655
12798
10307
13006
19823
19415
20237
5309
2943
12311
11891
22648
16150
16017
2579
4101
5989
4864
10956
18421
22485
7078
3339
23143
772
18653
19346
1826
4331
22427
4705
10499
19465
11079
506
21767
4570
1193
7582
9274
24340
11611
23979
7661
24410
18870
24872
7822
23577
10798
6530
24586
19311
23485
8003
23685
6896
3734
1290
10148
11675
410
12128
23407
7020
19379
16468
8676
5206
14161
20686
12532
7250
12913
3823
3767
19519
7849
23744
8355
4955
19647
14599
11216
14509
14965
14886
1974
22143
24671
24983
19184
13574
16370
1195
81
1320
21152
13805
18841
1293
11943
4414
20603
7687
13575
1158
16801
676
4430
23219
9671
23145
3898
23175
1676
24342
20406
16858
428
10155
6921
7031
20097
15228
2097
601
6155
24666
6096
13722
24557
16775
7402
6672
19720
7018
2237
10294
14547
14407
18847
19428
778
18315
17678
16613
6509
18561
1677
8158
11259
901
23786
8486
20056
23034
21499
3680
15230
3673
7391
13058
10592
2662
6661
12374
2457
14817
6048
2289
2271
8323
12588
10241
15868
22010
14098
24102
18515
2827
18912
5645
19028
17869
13411
3365
21037
8328
21580
7817
7890
2491
15856
13880
18607
6072
1978
10566
13940
393
819
4240
14635
22902
24015
22234
21975
22913
12543
10410
7823
20188
5894
7861
2024
6643
10171
15271
24932
16900
22758
22885
19440
15119
20776
6465
3362
4862
14211
7343
5145
5881
12725
4943
10695
13733
15660
6461
22008
4590
12772
24956
15455
12085
23222
13960
20785
24946
8546
10474
9220
1698
13665
19394
14950
19641
5492
10151
7477
17919
19748
14451
1583
23865
17740
8555
17565
15954
14481
1731
19573
23164
7495
13419
14880
14726
8909
9942
17265
21747
23550
9821
21873
2131
24192
21166
14199
23559
423
15700
4040
13288
7810
16668
17483
649
13376
10679
12425
2924
13900
7793
21346
4131
10639
4243
15128
6520
18557
15059
19276
23805
12131
9064
22855
18253
15694
3049
6277
4272
11895
10827
9747
15369
11909
15279
15319
1750
20131
17904
2724
10116
21597
3835
24849
15245
8078
18241
16526
12527
12012
17024
18039
15250
23511
22228
971
1220
12438
4339
21192
7464
20861
14878
8189
3787
15811
827
14809
20397
17558
7900
21547
14842
7000
15506
13331
1923
19479
18113
8891
21671
12054
18453
2796
6034
5820
13187
14064
11166
18138
13990
13717
6905
18908
12738
2086
3564
1213
9194
7278
7825
24173
2440
12685
1465
3232
3271
4861
10670
18639
23731
19494
511
3860
23440
24012
24398
4737
22716
22215
18678
16147
11596
13703
14810
12983
10502
5819
372
675
17501
10522
2312
21256
13158
20399
6321
2675
21993
13290
20344
4721
14646
24034
2219
8257
10458
19882
15857
14435
11961
1878
1881
22360
14725
104
16736
1587
5474
18066
93
2860
768
16401
7244
15316
18675
8176
9361
22208
9330
3031
5701
7347
8329
22007
16698
6728
2068
21569
19810
5767
9678
16517
21719
287
24770
1543
23860
811
8400
22378
14383
5656
10996
3839
1265
4330
16626
3050
24280
3470
20225
22640
4522
19438
14043
15066
6663
9007
2851
3705
19605
5468
4435
23187
16946
19650
16765
11066
10012
14898
9613
927
23445
4934
20592
4519
369
21733
17664
23336
13137
5131
3533
2215
10643
18500
17687
3355
14647
24249
15667
8922
12709
7947
16386
18102
5685
19446
1330
24541
15546
10693
21483
11947
22248
7876
9201
14966
22980
19612
1014
14793
2414
15949
3353
17520
1704
2166
17477
20927
11368
22634
3994
7191
14835
17344
12432
17861
14716
13408
14771
19538
17948
22591
1648
21082
9366
11705
13694
7120
10354
4548
9481
15165
7645
17021
5165
2238
7984
22567
824
12649
23275
248
24066
2307
10598
9438
16671
8311
1309
3216
5055
20480
23481
2117
10198
12293
8550
19998
17212
24374
19613
13761
7128
17229
8813
2680
2844
2879
14993
14007
3337
22316
22122
22775
24153
22370
12755
17419
10531
14291
4930
24537
17605
18560
15659
4963
21469
1685
19046
10269
18174
1091
16199
12275
5546
16783
23131
21102
19283
7926
11559
18696
5212
11073
12121
12246
19676
24206
6491
12986
21041
8876
19932
454
1584
5015
5148
24728
12697
7522
18958
13497
15007
2884
12883
13685
5710
3731
11842
23089
6886
4279
16956
7790
16846
6290
2070
13120
5018
21228
10180
18694
19396
15744
19669
17927
11663
20765
4935
10183
8326
2931
15346
15557
19175
19326
7562
22730
7919
4469
7228
15074
5298
24862
9114
7999
2432
8459
16368
20007
24678
13254
21898
2779
6969
18832
19236
23370
11190
19888
23718
19914
6164
2392
10932
9138
22770
23936
2041
18461
11485
20116
17970
19282
10207
18212
16003
19677
16318
20529
24832
12113
15705
4535
8294
12339
19763
19031
24224
24051
3648
21325
4431
20716
16616
4700
3495
8884
8886
8636
11958
20390
19631
11285
15560
18823
1489
18820
15908
15235
10107
5419
3740
6390
14440
10272
13236
5763
3953
11489
196
4621
1880
14796
4717
21385
24828
4483
4439
1414
5262
2480
10557
11928
15503
17805
2066
21848
22742
20298
23597
24596
14395
5389
9098
20938
22383
182
18159
24715
2548
2726
3591
1643
11740
16591
5609
8181
3430
7125
14640
12582
3057
22660
12576
3820
24705
21355
12954
6281
17589
357
112
6313
13591
17653
9457
15308
785
15378
902
11770
2599
21629
12452
23663
13128
7600
3162
24302
14245
1921
8469
762
12110
4156
2284
11
18067
9905
6920
9763
24515
6466
22337
3267
17734
208
7541
4706
13427
8514
8833
4308
1171
23827
12220
11565
17484
19753
4294
9206
2033
8846
13044
6180
17243
23093
17441
1442
7830
6993
20527
20312
24643
10027
13446
4275
15062
7455
15465
24556
9535
1630
19374
15273
9065
22290
17644
3883
1139
526
9110
4672
8050
21461
14979
4085
11688
16249
20085
10394
8890
2840
18753
15289
21307
16769
12677
7239
17141
11366
16667
10225
16622
11614
1889
1365
7251
22386
24136
8223
17129
15786
8766
172
18294
16062
21500
17563
992
17203
237
17808
9612
22077
5323
16209
1112
6190
14799
23174
19279
17274
24022
12489
16672
24498
22670
15895
16691
6046
11751
7459
3469
12268
19806
14402
22409
17284
7759
6918
5613
2010
3831
17216
15548
21384
10050
3828
14549
5726
15502
5156
1269
23976
8700
10244
11236
16239
7775
14124
14310
504
2385
20151
14168
8925
22592
19187
2549
8507
229
8917
9322
358
21644
8005
1474
18945
22509
22084
15096
17737
17668
18451
23384
15911
7370
4189
3606
20867
12665
3172
2691
12622
1941
12388
2190
13450
3826
21627
11952
17577
11861
5330
564
16935
13550
23193
1082
6577
3002
3757
18139
5651
1532
4454
23458
5283
21764
16819
18801
10303
7581
22815
19350
20883
10896
1823
10771
7603
16980
16912
11203
12314
16590
6112
15021
24722
10806
18572
11425
13095
10045
7344
19963
17246
975
4669
20983
16178
22735
22515
24396
15549
4833
18026
2909
4186
14263
21081
15294
1664
1546
8299
16024
16018
15517
13594
23937
23352
4739
15054
22052
18641
22737
262
13844
14996
19296
2704
7450
1358
23546
20705
4743
20796
17708
4761
23011
13380
21755
8256
19335
8506
1847
24635
2037
5080
16763
4050
7962
1302
5345
20152
20035
5944
14562
7792
18140
4827
22681
3631
2475
11423
1375
14822
14582
8140
14060
4371
17313
6846
6245
11676
884
5201
5392
2025
12542
22298
17143
16298
18834
22321
15837
24863
23091
11505
23171
3359
20026
15748
13797
11518
11734
11029
15958
23255
22260
13787
20323
4169
1366
21934
6001
7460
16961
21911
8018
14736
2654
22555
21895
3382
24428
11649
3068
14836
10973
3141
17744
19955
18606
805
23253
16911
15134
17355
12763
1435
17461
12991
19221
7204
20377
16192
6133
16999
20373
1361
10345
21921
5976
24278
13116
16078
22192
1332
1764
3305
23455
18582
1645
13664
7958
24199
15801
24682
22525
16629
10767
1467
8391
6214
16914
6975
20388
18489
366
24553
18613
15288
13535
3638
2100
5109
12074
11936
15200
22330
6392
23915
14278
3453
24652
15619
13072
19560
1495
19261
4197
267
13292
13463
24455
6716
3927
3234
23505
23722
4515
11837
8466
19894
7804
24190
2265
22622
15285
19336
16247
12924
17934
18735
2785
20147
4938
7218
106
21060
11840
712
12398
22120
9658
15839
19900
10411
2077
78
9453
23767
1744
8728
20895
2349
10263
16025
5528
21202
16036
1048
11615
8760
17523
4487
14362
9630
16535
2635
17255
17509
1010
16277
21704
2543
2276
5467
7837
19517
1947
20299
2132
11812
21586
5481
4465
9435
15804
17977
12654
13580
20992
11713
20109
16686
15249
2763
834
10953
3446
22621
21874
20675
14137
14044
3644
18264
20510
3981
5143
4505
12253
12329
22115
8446
1808
10922
2895
15909
19021
3039
102
9311
133
14384
23190
3935
7271
13837
17192
13618
18926
15708
19941
19565
2199
21516
2751
9701
7062
4657
1122
4070
4106
1805
20822
22952
13370
13001
14682
24147
12189
24357
10653
21800
12182
14464
4401
24178
22713
16272
11219
14006
1868
24972
295
15323
17011
7835
10079
22209
8423
13434
252
7613
23030
23406
8055
14504
8998
13205
17656
22051
22663
15699
1717
11210
22044
18788
23472
18965
2828
22439
24689
11739
21739
17830
23289
5499
6525
17831
17748
12244
16620
11111
16845
21917
8281
23141
19563
6356
7188
11213
13739
1719
18179
7653
24724
18803
6868
16558
24139
11129
1339
15011
13858
2046
8904
7413
16373
17436
13907
22546
21579
15182
680
22636
19402
16755
19330
782
6217
14784
21052
2245
13740
12385
11700
5564
23808
4223
21284
9560
13771
8820
11101
6017
10237
14129
20557
3834
23951
10768
18098
10801
5796
3800
9013
749
12887
19496
19399
3458
23943
11478
11973
18290
19813
17318
20080
11214
10936
8126
12969
9936
20642
6433
17226
2533
21009
5803
815
23471
21783
23084
20854
21188
3745
1355
7109
23569
13929
3107
20067
4591
20403
13701
16804
2130
14877
23692
7579
24739
9646
12708
1591
17728
15022
11460
23901
22924
18185
18737
21488
9471
12552
416
13270
22968
8878
1840
11283
14415
1303
17791
11580
10813
7373
18325
19814
22380
22092
8657
16506
23160
22440
20930
18852
14049
16177
12183
17120
11682
12803
6515
20566
20866
23627
4698
16214
22013
9171
10381
19979
3695
4455
21770
16326
11859
7287
1321
11220
15671
18048
18474
9280
21316
11745
8957
3727
24881
16776
15528
22114
7697
18544
21416
2332
705
24551
2966
1396
20175
6396
11695
3618
5650
19287
1319
11255
12678
21497
5879
1373
17769
20591
18223
1049
5416
19552
4163
668
15012
977
178
18622
12611
2459
21599
20194
14023
18025
4660
18695
12077
24648
18693
24069
2661
4749
12942
11380
4126
4369
11206
2048
24100
23282
22261
9681
7222
1896
13720
9016
6291
23454
22988
21769
246
13502
15924
10480
9490
11015
8107
13027
4685
4924
120
18084
20497
6318
15438
23412
4132
4679
18224
21148
22399
19585
17739
4079
19228
17159
1819
24718
1946
6677
23208
9229
21909
8397
3326
12693
24486
15692
1352
22301
1885
8356
7080
8392
16537
21419
1160
8360
24534
15689
11537
25000
5519
13693
2525
24696
17496
4594
13626
12362
15779
17416
22841
16064
7865
3479
11668
23294
23048
24243
10175
5889
5308
7918
2403
20679
20456
11228
17713
21361
20434
20332
16540
8581
22488
22314
13178
11358
16001
20552
24981
16761
7255
4277
17358
24704
17807
17731
16861
18387
9741
3783
22616
11935
18550
4362
154
21486
16148
9713
19472
4729
12560
7718
5615
11462
10772
18130
12180
20946
14750
7376
19780
1409
2394
11282
4623
19073
15019
9602
9129
8897
8783
1177
5120
407
8567
8515
15523
2409
7971
24562
11551
24833
24113
21294
8394
12487
16316
1137
6234
12463
23934
4225
23739
5005
6418
3503
16069
22989
5239
15322
9577
13250
12230
7955
4494
7692
22882
1825
16016
7378
22508
21051
17471
21831
22484
17
13355
17759
13025
22243
15413
19449
23304
9832
12260
9340
18182
24014
24634
24837
14634
2309
1702
14545
9395
4246
14668
12176
2842
19561
4397
16712
10791
10684
17406
2149
10618
22959
14378
24241
5076
5014
16297
17227
10983
17705
16416
22541
23965
6196
670
14592
11882
1983
10589
19168
11990
20341
12787
18990
19319
738
11047
23155
20290
22278
11313
4105
5652
23026
18719
557
6178
2886
16040
5790
11080
22220
4095
16650
23677
15742
15315
21590
23832
18213
5952
3985
4009
24276
7853
2242
21391
8135
3052
5166
11270
9600
6619
3032
13255
15552
7709
9544
10408
22055
4055
247
7330
6092
12676
17515
19389
2119
11378
2295
21951
8095
24234
1093
4103
8415
4884
5362
20614
2012
23198
16364
1722
4730
8604
1595
22863
2304
15561
19764
17340
17643
22610
9120
13676
14840
7268
16979
15841
13485
491
20404
2908
1461
6138
24844
8527
4284
20195
6454
16560
23308
13612
2454
1671
17177
3531
13375
3083
23975
6026
16709
11515
1126
11839
22107
11753
14755
1402
10739
4735
17204
6384
15412
12406
19980
915
12372
17307
11545
19627
5518
15601
12975
22623
2301
2658
21864
296
13473
23345
9181
24426
20968
22868
24042
5059
22069
14005
16303
1316
11508
18133
18649
21732
14131
11033
5045
10668
6602
8455
22354
8062
19592
3599
13129
18925
24097
90
8612
23396
2266
15129
8553
14711
14659
5939
9227
14712
24223
18894
17033
10788
524
6224
809
8169
4209
3301
18673
15410
3477
2567
14831
7170
1181
1508
7547
9959
23536
1151
15951
24599
14308
18798
11980
11607
7558
12591
7694
18215
16073
18815
12920
7508
12614
7065
17319
18284
19469
8471
20024
20232
18761
5742
12616
8438
19971
11894
12851
17729
1405
10692
1844
23344
14216
15266
3805
9165
16204
23904
9995
10082
6972
13661
10373
22852
2605
20788
18072
18577
4030
24641
8948
16365
6519
10969
12895
4434
8128
24186
12684
12865
12104
15416
21153
10459
11098
13882
23162
6146
22181
14340
13817
22336
17800
4411
665
167
22666
5149
21849
12637
18252
5744
16634
21334
6317
12792
6293
8137
5409
3808
4029
22460
23617
19292
13306
5088
7713
22342
21809
14103
6322
20841
13379
8051
4282
1563
15600
5664
13906
124
16623
10324
1644
13067
24934
18154
3537
10230
24814
16467
18776
20275
5180
11876
6415
12042
1860
17351
13400
19671
7774
2363
21403
8153
16005
17940
4622
710
11009
4609
10118
6405
9199
24266
11855
352
6614
926
11457
7480
4958
10176
21001
7960
11651
18261
460
2528
1962
17002
15964
24307
21035
3026
145
13978
6256
759
10376
14611
16497
16854
7941
2545
5168
21789
15206
14922
5925
12504
8239
13731
2293
8774
2746
20574
24469
17797
12006
19939
21621
17604
22604
14423
22042
12828
9594
2852
16357
12821
13609
9242
9608
14764
20292
23249
3526
11721
7155
24824
1693
13144
5181
15371
9809
13943
21777
6296
13617
13916
14753
12403
10375
22481
5853
16058
9776
7280
7009
9661
3975
16420
2649
1697
19661
20462
6928
13688
17375
24166
12285
22674
12201
10716
10726
3614
7677
11124
4200
155
6957
12918
19382
11686
20391
5582
14535
7354
169
24303
21064
15218
23920
13942
8203
11877
18947
20282
14033
10309
14800
5712
20891
12858
12966
15999
20174
18485
16785
18642
9919
723
23818
7473
5054
6924
12831
15704
23462
5880
7549
11477
10745
1336
23351
9018
3879
1809
3900
19298
9107
21357
18725
13252
7242
8654
15672
15593
11874
14014
17435
17114
13975
19007
5912
9513
2063
18878
2989
12875
6745
7326
19999
8854
21142
15034
6328
9523
6579
4842
1188
9754
788
7939
15934
11678
24907
2055
4502
3292
7867
10997
3084
4883
19916
19401
4837
24208
17991
1000
3454
1769
13164
18867
8695
2918
6091
5260
16523
1749
12283
1024
15444
11397
18603
15243
6992
18
10341
10620
18484
10650
22398
11372
20911
4129
16848
7505
15345
7848
20820
11853
21011
18760
10908
16181
12097
4709
21752
23136
21742
22396
15580
2123
8740
22101
10779
15937
12245
7368
5135
15339
24392
1371
638
15481
16699
18951
13301
19986
11914
9499
17595
4716
19512
4803
6620
11058
22732
12178
10228
11816
10391
13500
15898
15792
18281
15930
15013
9803
19259
22442
20357
22309
9672
18526
9460
7844
24161
13017
5675
24298
5928
14067
6199
12955
10486
24513
3311
3018
37
6773
4485
18691
7316
14559
22994
11012
24289
24994
6027
3367
8961
3940
8650
16687
21637
12007
10986
59
15767
20621
12642
15187
15329
18407
4051
812
7277
4304
23777
12102
13226
17959
3091
5035
12873
4671
13048
11176
15398
24018
22837
2118
9193
3804
2297
20766
6810
20596
23601
1565
24864
3184
21019
19644
4229
7782
9487
21144
15941
17013
11339
446
14524
23448
19008
15388
21374
13353
17760
15682
22085
5255
23656
2748
5729
16282
3639
8971
4682
2719
22609
4919
12775
1009
8070
22477
20729
4003
14065
6538
3848
12185
14335
4756
9624
15885
18733
9476
1629
7144
23657
23290
17674
15971
7623
9867
523
14633
2483
1499
13172
3854
7093
19060
5428
3211
17217
14102
13323
15343
5064
24073
4891
6988
18132
24170
11886
8460
1328
18599
16095
20030
6883
5344
6237
12630
175
4490
20894
1070
23226
12166
23237
2338
23502
18764
950
8267
10353
8727
2354
1678
17030
7407
1026
20242
15118
15978
11976
19844
12863
7417
7336
20247
21210
15003
14020
20355
16633
22873
16414
6019
3329
9984
10144
13170
15693
17400
17431
6719
1545
10265
4553
18436
11211
5043
23607
8296
2695
1131
9106
548
23082
14639
6691
3159
13611
24546
23674
6397
1103
19518
18680
10945
5307
24660
3014
8536
5521
15041
13470
11287
6437
10142
1135
10756
4499
5865
23272
21520
22193
20350
15923
8372
6002
14607
22356
6695
12424
21791
24205
24816
8591
18301
13967
24384
22744
22967
2832
12518
244
3347
22923
3679
12415
4347
16265
15434
11887
7026
11598
3030
1462
19749
19575
7462
1364
2258
14803
4219
5369
17402
3756
5934
1550
23009
1259
2162
6552
342
3069
10343
8665
20586
9518
780
11988
17462
12307
10470
22676
17775
22132
18596
10119
9979
5731
14688
18137
12094
20
12948
23347
23933
21263
3980
5578
7517
20515
4989
21086
8652
19657
11527
19356
14448
21543
943
1278
8879
4262
19150
2621
4878
22584
18533
7871
18773
15533
19160
4595
12621
24965
17025
12979
24825
18812
10103
18547
9749
5617
20418
12190
5567
28
18940
17368
22302
8436
22562
14028
19274
581
22861
20268
8912
17363
11953
15820
2506
16983
20364
24960
2934
2302
5222
22734
22939
13122
6760
7503
3626
20202
10280
10676
20368
2576
20212
4694
6039
5718
11321
22658
10657
7490
24213
6045
24093
17195
17942
5320
9801
20402
24370
5219
14371
1893
4977
20051
11096
12291
24687
23125
19351
5530
17968
15478
13363
8903
5911
3051
6754
361
22221
6603
6653
8197
22348
16661
23721
622
20523
1305
2431
1060
2771
9823
15153
9037
5835
8010
3575
21174
5400
22808
11385
13599
14329
7186
355
20487
2160
24530
11132
10378
19477
15635
7298
24089
23864
19714
6097
24686
7358
10603
5489
18671
14072
14678
12648
20149
23420
23413
23554
21859
9002
3581
334
20677
18537
23761
1786
5568
9545
10024
2099
2073
8913
6535
7526
12243
5407
672
21678
3703
7525
1411
15730
6368
7882
565
21363
12690
22645
4241
16874
8491
531
4136
16772
1071
3166
19667
3775
1739
24304
15476
3199
14123
3660
19357
11519
18779
23492
9967
19656
8967
7321
8342
20086
5956
15727
9349
4967
24387
22779
18758
14969
8151
13628
21124
8658
21056
7300
820
10962
19604
679
8749
1590
635
5765
6543
20230
19251
3730
16362
7131
2968
4048
19362
9036
5101
9994
23531
2508
24604
8696
21329
6834
2486
12367
3169
4253
7306
19447
23517
4834
5913
7024
13372
17957
218
3231
3616
4703
10227
11553
17261
21331
13422
4684
1784
12584
4260
8007
23323
9828
2060
21866
17190
9158
327
19029
6347
16432
12707
3736
8066
4820
20105
4555
1486
8202
14458
4125
4860
10828
11458
5622
14595
24781
22576
13070
3849
11198
16087
19821
18521
23605
20653
4767
9933
9773
10642
18875
1030
14931
15806
24477
12659
20316
4764
11730
10235
5720
16434
9973
10030
3751
22411
5690
18711
2096
24030
20269
24106
12459
4704
17165
5129
10443
8478
6898
20977
16452
4777
20474
12714
14222
4708
13488
16308
19664
6273
11245
4432
5102
15175
12037
22021
333
10497
19230
22898
9798
7481
1727
2944
3321
23876
6394
496
10062
7301
24602
10437
18610
18134
10173
11532
4995
2095
18864
6829
19432
24028
5039
12897
23364
9207
23197
11979
16422
3642
17710
3502
17146
13633
11014
2562
4613
23738
20917
6487
24580
8043
22675
4172
4849
6854
21063
4299
9750
6044
5709
12809
12028
5629
22626
3615
18129
8058
15387
11582
16676
16998
18727
5007
9676
15389
9854
1518
6951
2435
4902
16637
12534
16043
6676
20775
12059
5188
5557
3851
10479
3924
10555
10807
2745
1853
15496
8929
5575
5969
14418
6489
17612
21165
1866
5569
24227
11456
12482
19824
17711
21274
1556
17005
19114
21941
2388
11426
19642
8376
13253
12980
21302
21880
11522
10117
16483
12462
10782
1040
11281
18375
23392
14115
12823
23909
258
4264
24416
6743
11701
10077
4363
8982
13551
11479
9889
23189
11107
10655
17140
19812
18889
7832
6689
1843
12079
9255
1451
23354
5170
19299
16967
1020
1517
18095
4738
4758
19595
1544
6882
24211
713
1760
9072
19960
22936
14571
24817
2006
1123
18984
23687
2825
19414
11524
4832
24154
13710
12206
2088
8619
12016
8915
19853
24984
22839
2646
6497
6639
24084
9377
16310
19186
22097
24805
9391
13970
17376
1036
11967
13085
20941
399
10678
17922
12321
20659
22397
4908
16636
2838
4527
12427
3494
14527
21136
15524
8240
13409
6755
563
16899
5779
14259
10099
23688
13220
12301
8489
7588
19257
18655
23655
24452
17804
12717
6805
20207
6421
21555
1861
24695
24351
19411
11165
14982
6895
24399
18152
4812
22756
5497
7311
3722
23652
15140
22267
7091
13182
3707
17335
13263
17856
10894
7602
6142
18119
15490
5929
17161
3493
8013
15555
21836
21411
17424
10784
12290
6331
4318
23523
4822
9525
21762
3421
4242
10067
5152
7986
14497
20610
16068
5272
23781
15916
952
21397
8074
7182
1754
20193
24741
8651
24130
12529
6028
22487
10100
11474
3309
6270
2192
21693
2875
489
7992
10599
6303
6675
11439
9818
3078
10380
6684
3875
17733
3390
24287
20537
4496
6761
3264
3465
6649
15357
9486
810
21175
1998
22171
1573
21376
13619
16407
14295
18257
18187
16746
18549
17931
1395
18456
8724
17751
15103
20250
3861
11450
14287
3759
11428
16669
8254
17106
13471
7863
10331
12818
11002
10058
7847
18729
9378
12893
12051
21208
16421
5910
5379
17727
10135
4581
10613
8358
18816
3489
16794
9275
13091
21069
15551
12451
4628
2173
8896
24210
21507
24645
15060
16656
2217
6694
7023
20573
20400
24504
4618
16202
8759
22502
15081
2405
14432
22637
7968
13932
18563
15675
24874
13090
16924
4097
5668
6772
16099
22938
22572
17427
24021
10551
8859
16948
7197
12799
1419
23470
13460
6686
17826
20514
17453
19892
1095
16568
7691
9431
5674
6925
1898
19293
10818
2977
18316
12078
18767
6683
3894
16122
15350
2586
13656
2923
20639
16223
5517
978
22806
24760
8769
5968
20884
24516
12210
10028
5553
3406
10785
4896
7046
5397
14588
17327
9779
18181
12874
9130
22749
10632
935
6888
8480
22355
5555
18201
8936
18156
19066
13770
14273
9893
15566
1113
16830
11573
15099
22517
5883
19157
7765
10153
2735
6589
7199
11901
24898
16166
14189
22890
24600
21510
17023
11613
16194
1197
8505
14895
21326
7719
15754
10686
20064
5794
5478
11115
21908
14325
22003
16494
18559
7724
24318
2949
24146
23519
18269
2594
15069
24769
22669
22821
16829
22358
12735
8262
5319
3816
10968
799
4662
14905
8178
4635
21999
5867
24499
1538
2072
16938
21000
387
16857
22937
5284
9814
15483
11897
24023
3369
23800
11329
21103
8579
19891
8928
5611
10895
19275
498
2963
13545
13765
12563
7092
15414
10200
24683
18406
11413
9139
2637
16942
22388
22926
9283
24609
3161
7689
12556
5394
16010
3330
11926
21760
10856
4985
23438
6776
11083
16928
847
13828
2642
15127
18386
34
7670
5305
13436
24710
13712
24256
6269
20568
16061
5316
7676
12568
17603
10829
773
20410
12931
11217
16696
9628
8338
3198
13663
15719
10015
3979
8447
23129
6687
2524
7032
138
21751
17291
12653
17127
13078
17631
8069
6899
23504
2328
2005
16399
6725
12658
20805
8435
16222
24132
15213
13808
10327
2570
18707
4089
22458
23251
14297
5758
21771
21324
13759
5465
9135
20485
23813
18393
22325
20755
9495
8775
11998
13578
20370
19265
13861
9592
7246
17354
3293
10698
12928
8437
20801
4608
9842
20678
17035
2449
3385
10966
19173
16995
1229
19805
17200
3761
12956
21008
19067
4368
8398
21121
22990
6665
5888
12549
3570
5633
9554
17273
4653
11427
21436
8910
21241
5469
20257
17781
7784
14268
13757
19342
22571
3217
18267
466
18372
17661
6061
1824
2947
24731
21531
21558
20656
12747
21212
11962
314
323
3551
18427
2370
20717
12993
19203
640
20997
53
18944
24823
10167
17060
21513
550
11670
10264
14191
18698
17662
14193
3325
18020
7936
18279
12192
24708
6878
11488
17752
22362
23231
8251
10249
20526
9698
18857
7586
24916
19698
1815
18699
13789
3237
2645
4718
8409
14213
20042
2377
4815
14128
24007
19491
1736
22417
16550
13395
16198
13382
16039
19164
24554
4804
8057
8207
10483
15684
22075
19682
400
8811
3788
17104
23578
9100
14829
19383
20431
118
22335
646
17881
11741
1044
6943
15990
12662
7320
7299
1062
7323
15102
4680
17634
12836
13921
5382
9375
20317
19057
6940
18748
5022
19188
10900
4081
21640
3797
12466
5869
11818
17704
10089
8979
17620
18536
8396
17901
9806
12370
8606
3249
24335
20703
16836
1170
12237
5023
2216
12695
980
6151
5204
4453
18055
3906
7261
15064
18766
10025
6656
18059
15989
1718
12917
23769
5813
24062
15309
21418
20875
18236
10585
3457
24087
3951
15596
14478
3978
13957
7618
10060
1038
2679
5955
12840
750
19455
3905
11415
16101
23430
17576
13911
11172
10034
15120
16982
23897
2323
12435
18471
16235
18412
7731
8422
10601
7584
13513
4324
13592
8073
19216
16152
4212
5027
23849
19238
4078
22624
24366
15223
19412
20144
3288
18008
7443
22410
4159
7468
21024
23898
5574
22514
996
14762
4887
8410
1074
15327
16564
17135
18722
8144
19113
1434
21354
8589
12378
9233
6814
4420
845
16048
12594
2375
11061
2384
15445
1236
19792
17718
22478
10056
24684
11177
8656
22283
214
16569
14879
7249
8747
22891
21872
16293
19324
14890
22790
10124
13851
16193
1619
21686
3733
15009
15255
3463
6742
22914
16165
23686
5697
19931
22813
18793
9636
3691
1614
12847
23097
24961
16196
20387
22269
16644
13153
12004
18948
24820
18802
10000
7967
22754
24800
22365
19386
10993
22972
6582
1206
22244
19524
19582
9373
12050
22124
4582
14856
1033
13821
1239
19051
15728
14122
11143
14550
11723
9558
17993
6366
24988
2598
11645
13445
21050
6144
12049
16596
12109
1592
7560
4006
1806
1770
1523
20789
13987
15189
19359
15392
21896
2686
5008
24654
1647
14394
12728
18618
23206
15656
5545
8481
465
16805
14266
389
19620
6724
5716
10134
18476
22434
22876
13054
21994
6439
4529
22405
348
11048
2705
4472
20745
12263
1688
21200
568
1942
3297
15423
7270
11401
11929
8796
19161
7714
24680
6221
11205
20222
10194
11054
23507
10574
18786
4116
22331
4199
13080
8807
19371
3560
23234
22573
13272
21861
18826
24003
8761
128
24204
3666
23008
18464
16091
19372
20087
15467
18565
21884
11702
23071
21522
13435
23667
1593
11828
8182
7629
8155
14324
15086
10541
16212
18459
12100
10096
23533
11866
19952
10104
22224
18643
18556
7445
24411
9605
10804
5872
8524
19881
11191
17840
16218
19337
24121
7234
6174
17465
751
216
8799
20756
5353
24063
18176
14781
12601
907
9024
2536
17018
21217
16920
12306
6564
15276
24264
22526
14416
3413
1311
3095
5657
231
317
17091
2619
3062
22000
1429
22079
22020
15877
21021
8395
11919
16374
15497
23684
10624
17585
5146
13840
3440
23799
8882
16443
22177
1015
19434
3728
16509
20615
12604
24990
2929
12024
4123
17494
21237
1756
14087
24279
7048
14390
14776
932
21343
2874
5670
21033
1346
9355
9771
9515
7501
14046
19750
8502
11599
4645
18898
4053
13512
21258
13242
21078
13064
11629
22769
23793
13744
13926
14084
21292
17652
9863
21105
22490
20352
11636
12727
251
10753
21816
10732
18426
3487
11108
160
3974
1967
2882
7178
23894
1536
1211
2211
6961
23229
16809
402
17315
21793
6233
22029
9865
10941
8762
13243
23469
6049
22467
22773
14081
17136
7066
12977
18792
4355
19256
16405
21205
24368
2712
21778
9315
7957
2135
19373
15126
11543
22878
2638
396
4440
18087
10556
17449
12744
24597
17414
6154
5288
22129
16450
16827
20909
1917
18921
8849
24991
4857
6737
13443
5240
5691
9880
16870
19130
4481
17014
15658
10137
18752
11960
17182
21304
1432
19584
24567
2868
17473
16383
141
17082
2889
18389
2554
299
23977
2031
7410
612
22249
12486
23807
18747
8810
3778
22121
16211
18648
10277
11757
1530
22953
21177
5811
3853
18365
18423
22849
7294
2169
11940
22965
19708
15179
24150
2361
9888
18723
10113
13134
10306
10384
5921
19254
19543
20066
22943
3333
21107
7688
13522
23170
21638
12860
11127
17156
3886
20762
6621
15157
1155
22727
19705
24949
2402
21906
15486
11873
13769
17079
22214
10275
8000
11731
15994
22317
16162
10019
19103
23932
10637
4271
8990
790
11680
918
21213
744
16910
17592
17924
22374
23423
500
119
8121
12890
10369
7594
16234
9723
7929
20692
8625
6917
21232
13010
16379
8626
8660
5396
24433
9261
21168
2521
19591
6117
6314
20915
20172
24920
15452
23453
8086
3402
17963
12257
24995
9186
14252
19136
1929
21946
19598
3993
15026
3747
1413
18611
18150
18468
16013
2509
941
659
7627
14790
12615
24360
3235
3743
406
23075
6599
18419
12824
19500
5179
14914
5905
20245
13890
12448
5907
17045
20893
9298
9374
7146
4826
21338
18329
21261
11996
8014
23886
8303
13351
11442
3546
23482
10481
344
6423
2556
18831
5827
7015
21386
16840
8779
11546
16187
19218
2587
22613
650
4335
24721
24544
22793
9380
4610
13394
9511
23573
21622
5421
6013
9759
24938
4361
5917
15643
3895
530
22063
12069
21614
15735
3283
8885
3714
15166
10518
6483
24450
13256
2111
8332
3241
15862
2360
17549
4993
17034
24649
3998
16735
663
18123
4825
14514
20512
7711
20015
16773
19855
3870
10022
1970
2313
10129
16341
7254
11983
17451
2707
24339
21914
19235
2952
17651
24308
5745
1707
3632
1098
5606
15750
3055
18040
3941
4025
16936
9259
2358
7739
3149
12857
6711
15536
13192
18819
10400
19321
6476
10625
453
15646
6074
8953
18670
10544
394
9394
11057
15185
21310
11674
4031
9987
6567
3203
14963
20304
11195
10270
4069
17954
12417
16986
6165
20241
11566
9695
12382
9053
3540
3291
5185
17543
16320
23964
507
11044
9736
24845
20342
20973
19204
16322
17858
20786
14397
4176
19699
14845
3765
16340
13259
24315
4326
6944
1253
22445
20251
4865
23063
18491
8535
20260
19688
5160
17619
11365
15521
2595
24563
9938
18243
11180
6775
13556
21814
12437
19875
23204
7544
8864
6455
4412
13767
3059
14870
13275
24577
2936
4195
513
9363
20601
13294
1928
23603
9531
17951
14307
12561
6750
9862
13461
11200
5094
14828
3176
16771
19078
12760
13418
19174
8428
21903
16487
6546
877
1656
23698
4695
15936
10347
12868
21076
101
1267
14207
10085
24367
16462
19222
24222
19946
23944
23385
7187
10937
2294
23107
18600
16014
20869
14201
15083
3416
2424
4959
17926
3248
24655
18667
7795
10673
129
6107
17300
4799
17107
20184
11021
16518
13543
9565
12999
1578
473
22772
6339
2009
1810
19923
12346
10170
18960
9020
2766
2174
9046
6352
16346
2148
10946
9674
3027
11710
2955
22078
3380
4216
10667
17102
24798
4992
12740
15107
24706
8164
18131
1672
20800
14472
4728
23641
5173
14059
14531
18835
19424
1849
17282
5132
15244
13758
8292
4213
22741
16495
1925
6152
24941
12741
16720
4410
24402
7708
10882
6817
2104
3651
15237
20451
10444
6547
12960
4656
23110
3118
14420
9400
9659
20345
2450
20389
14745
13304
2264
1964
15015
12833
5357
17600
578
7403
