14316
16794
5763
13415
3235
6366
16357
3030
18218
24279
9054
1760
8134
952
9575
2177
23517
18344
10997
7127
22580
15103
9545
21714
13473
9681
17288
2864
2672
24142
12674
12337
24696
17688
17628
22265
20494
15753
20884
14149
11339
7284
18735
4535
18903
18043
24509
7084
8429
24278
8537
1183
9600
18832
7320
6221
7206
19177
6460
589
21008
17460
14168
19548
16518
1359
23719
15941
4794
20493
220
15811
16043
956
14191
12967
2040
16293
4048
5693
3762
11403
2704
6356
23586
24739
11614
1989
23431
5379
15228
1142
1624
7395
22624
10290
13525
9979
3055
9508
15808
21178
15905
9314
21140
21208
14491
20398
9038
16698
14613
19944
16629
2844
15465
18673
22637
14122
22297
13378
3828
10004
6962
21403
19421
6724
2323
23253
8486
801
7032
15963
4203
1536
7775
12179
15786
18643
8137
7958
5170
8460
21166
18142
13341
16928
6993
10962
17710
24457
18572
19737
12654
12549
19218
10144
23566
8029
6684
9544
5710
3027
581
12584
24421
3337
16535
17077
13902
10434
12430
2443
19125
7326
10411
22052
5590
5017
12835
9714
14519
1455
5260
19028
3553
8831
7278
23975
24311
4410
530
22007
12452
15013
19228
7459
11082
20342
7232
21834
11545
12831
19699
3731
18940
133
1267
3861
15112
24933
21381
10111
2017
21507
19526
4660
7166
12266
6060
16003
8755
20234
16567
23753
12050
18123
5835
16753
1496
1388
15578
24778
15656
16855
24837
9636
20917
23602
3267
1774
13541
7759
12884
7813
11580
15151
8824
22805
17003
14416
902
9596
16270
15323
22794
14776
12372
13647
18301
10445
7967
20133
11057
10960
6397
9873
18577
4060
24340
12290
22439
16061
22885
230
13413
17904
22354
1113
22209
8129
5428
22756
8591
17708
11031
3502
21979
445
12152
23030
9501
20495
8192
17906
24898
1089
18931
11984
16199
5409
12052
8885
20222
12010
20838
13618
810
15250
6900
22115
20603
14713
14483
6441
9064
2806
11215
24769
19493
12117
22496
3863
6008
19169
23541
10406
19498
18253
16491
12928
10754
9018
12499
2819
22152
11438
15319
14802
13861
9307
2095
53
8961
15604
18713
8073
20246
4165
971
5482
9091
1105
17733
1157
23179
12180
20566
16560
6293
5181
18806
7924
5478
21603
8796
7300
22539
17237
20147
23937
7562
16705
10907
18214
20193
8983
12455
8265
17479
11707
21029
22919
22460
13370
3440
7494
8203
2992
20743
4197
4089
18667
7306
11570
6785
12486
12463
17519
18148
21129
15878
6479
3071
22659
13840
3311
4738
15198
3692
22513
6521
1471
10384
11753
22917
10262
23404
13522
5646
16564
13820
3122
20438
19060
10910
10314
20862
22094
12660
17063
5403
19651
4633
12476
23683
4629
4884
3075
430
14153
23537
7336
460
12506
22509
3511
23731
23572
23420
21529
800
22330
3163
1706
8619
11574
21548
11662
11450
10353
2048
6341
19294
8926
2851
18032
1964
3486
7034
21402
10684
23581
21699
6401
13207
11887
3748
5390
24091
5128
14212
3570
12482
1533
8050
7139
8708
20427
22097
12622
18693
17812
3727
1941
18196
24417
23210
649
15273
7061
12209
8456
19222
16228
17315
3911
21810
1953
9630
23028
3405
8714
20915
7215
18456
20497
23455
8018
16666
1840
21874
3660
12260
22573
15409
24130
5668
8163
74
11474
5960
21385
5013
22266
590
15052
24062
6423
12467
4053
12878
15478
24936
8318
14525
20410
3092
20750
17972
20520
5246
3715
13471
15554
7630
5970
14895
14216
3909
19591
7481
1540
15784
11312
13483
24110
9612
16049
4056
13394
12432
15099
20515
13191
13890
17161
16996
4232
22442
23840
8660
28
879
15081
21152
17374
8872
14639
2225
10798
6246
18347
4208
3231
22889
17217
14979
8652
8108
24747
8747
18787
3826
11150
14513
13215
3283
7522
4467
21755
10470
16777
14607
23642
17631
21898
12273
8330
7808
22267
21875
4356
17009
22275
18528
13035
9189
17678
12887
6331
5569
22562
4172
13862
10058
3747
8176
22188
11205
14020
6276
21546
18245
1819
3831
19203
15730
22058
16226
7999
2307
23888
7231
17373
17677
16028
24186
18209
15619
3291
17959
3465
245
23204
3506
1615
20087
22769
15032
10142
20390
16091
14990
3466
24704
8523
23325
410
8468
8917
1048
2251
17017
14332
19674
1071
9130
6002
24335
18875
12388
23700
10237
9067
5079
14131
19871
22808
19688
21614
6973
6169
16548
399
4901
7290
24675
2435
23113
19346
9722
12227
1515
5337
8920
22199
2619
2554
16638
1160
22290
13900
5860
3299
24152
12548
5611
12007
10113
11914
12976
10557
10474
9360
23151
7386
9338
7442
1913
22488
3818
358
4712
18640
14960
9907
15570
22699
4895
20022
842
22324
22726
10138
18062
4983
1730
21453
14061
14703
8182
22242
14383
10644
17962
18242
4460
4125
5022
2450
24264
9672
22702
13953
8640
18131
17501
14849
24645
11010
18779
10343
15886
11829
11546
17351
11709
1086
10724
15556
5851
5674
5637
23849
9404
11376
11876
12789
7578
18765
6410
5227
14402
9138
3237
6682
24609
18229
642
17207
464
18917
20808
23941
19216
8973
7450
23155
17227
8614
23663
17205
8057
6961
7092
20066
1220
8422
203
5972
1929
16419
6943
21945
14494
6467
3710
7555
3936
18132
3858
8487
911
8607
19494
5690
13821
13515
12738
8781
3370
22317
7017
17045
18491
1024
5746
19326
14662
24396
578
5701
12145
23698
22497
24376
23399
19351
11168
12183
10679
4866
7589
7188
18547
18149
7627
23785
19923
19700
1068
14157
10692
1219
19438
16177
4131
22192
20341
2684
22143
23688
9814
14219
8724
4886
3767
15560
21851
20250
18512
10634
1508
8329
10211
8436
5447
4800
2364
9919
6405
16089
2924
17797
14908
12588
16600
4581
1942
2879
13663
6279
17135
15041
1346
23725
2728
7905
2211
7941
11538
13237
9872
2977
5943
19298
13765
13719
4314
11282
1245
369
9227
4804
15667
4308
20841
4094
17030
24153
8410
17704
8629
1917
21999
6303
5745
16798
18594
10551
20802
6020
17134
9255
13643
16356
1170
20903
5497
22466
6884
18795
7080
17340
14905
23445
59
7431
1654
9490
3895
20505
7864
7402
7584
22427
4527
21165
15350
11874
18461
8813
3234
16403
20949
2148
6229
4398
15416
19261
2646
5457
2670
2579
8584
1194
17509
7765
9671
24548
19042
6619
23364
8010
11952
12024
9046
20833
22062
14371
4388
10667
19210
7692
6425
9675
7388
10918
19946
17129
274
15457
11560
19937
6612
18213
18675
15635
11769
24711
19066
14117
8599
2016
6474
19855
14135
22927
10443
1930
7197
15271
21503
8412
13978
15741
150
17877
18152
14828
10518
16542
11960
13445
21052
7249
22727
13419
14949
24450
1335
20463
12980
10307
8930
18136
7855
6564
6841
11013
20523
20172
14349
3031
10420
3804
4862
22416
9181
15693
19333
23546
14769
13497
3839
14247
357
10472
22806
78
14418
9883
4132
6031
1947
11101
5014
2074
17629
13096
10228
16417
18342
20587
18174
17579
15528
16668
12469
4952
1074
7845
22965
4182
11385
5188
12347
11748
19672
17966
20462
1041
11678
23567
5149
23190
7199
8553
1070
15303
24641
11721
3942
4919
2937
10413
20931
17637
20245
6500
3402
7218
1099
13086
13192
11743
1208
5464
16875
18760
8732
4988
5552
21986
22635
15127
480
17182
19643
12291
15005
24965
22662
20470
11269
3846
350
19960
21001
4767
23417
13914
23238
5933
4656
18281
2662
23050
16940
3561
6749
5288
22351
7551
11267
14460
8567
12911
13409
20582
17563
897
6814
17557
4544
3906
7985
9165
91
22110
21330
12141
8585
10908
402
17973
19330
8374
7254
14347
24088
7850
21559
12703
7063
12522
23664
6602
7853
11165
16846
24483
23407
11789
4861
19730
4200
6146
17643
21555
19067
5557
14379
23326
6735
5550
22779
4187
15445
24227
9851
22902
14781
12848
10810
22383
10732
926
7128
14530
11943
18518
9613
6375
16040
14273
14295
16495
1193
23786
16309
8506
3612
24102
15140
10381
11054
12308
14320
13789
15377
14501
6891
24370
15488
7457
11479
21221
16318
10458
387
24563
8611
2265
18678
5559
18476
16442
14534
23777
1040
7936
15830
18252
24708
10241
2936
12865
1736
21732
2894
1073
24318
18902
9547
12396
8376
18162
18785
10693
1273
18576
16112
8501
7957
12097
6155
5651
16350
11512
21893
19337
3966
13757
13081
11024
1026
16819
824
14518
23596
7246
22269
2745
7477
15267
6166
13885
13226
3641
11350
10616
20657
14084
21248
15617
17991
18487
22592
16456
22657
3002
24214
2349
1546
3778
11677
8915
19898
4366
9939
10
9585
15969
302
13327
2073
20030
7955
22905
16857
11839
3849
9591
18646
16545
21531
24916
22839
10200
3707
12244
19904
15938
2192
14104
12413
12525
18912
1962
14405
8581
17571
13070
1995
11525
21784
5231
9934
16187
19770
23143
23587
10741
18434
11649
12056
13782
15621
20757
7438
6557
19563
10944
13664
15800
20358
17083
5489
5785
22126
8912
13239
3314
5832
22517
1275
16418
6828
22342
2825
2430
496
14516
2596
1923
10721
6027
17861
10676
7705
200
15599
19754
8892
22101
5159
24307
21846
12392
15497
14750
9849
14611
4005
21158
6899
17599
5892
8351
24371
20693
24107
16999
14753
6789
13463
20813
7844
1600
24506
7323
18170
16332
15936
22485
14438
5698
14670
6668
20790
3109
5035
19914
11288
21814
19693
491
23916
17353
8435
5566
24623
24051
17565
11958
19831
14656
24041
22928
9995
225
14498
21180
19828
16901
4244
20
22298
13250
18557
24132
6317
1581
6665
8074
18139
7812
22741
8536
12119
16809
21776
632
14417
9980
18380
18137
1744
10879
17449
1762
16450
13358
684
13949
11220
9607
7718
8202
20129
23458
23454
1300
426
2645
3808
18869
18027
8390
18257
6965
24884
23256
10669
6404
15352
106
8995
6287
239
2169
296
6199
18453
22866
2204
5369
12617
6205
8602
21033
17044
17564
14471
12740
15042
22055
1722
4055
4984
23519
14023
13315
10485
5402
2117
12187
8993
21290
15796
11259
21210
15960
3691
1806
24801
19892
4173
4520
19469
19519
10975
24323
9692
24928
10463
22471
8226
13153
23108
24705
24823
11597
15427
5813
19248
16634
18947
22243
5820
13763
2862
16443
4449
3526
17619
10050
19821
3761
21000
4727
5602
16289
15339
750
3297
8890
7739
1110
14953
20051
20585
2099
17879
2647
1481
113
21079
23600
13830
14362
12939
1928
24920
12409
21547
9377
19604
16908
13508
8605
1899
9713
6719
12275
17226
22874
19078
6917
23991
14778
18767
1148
11642
20389
650
15994
19206
10437
19748
9834
4808
20015
22300
8891
18223
22841
2943
10748
16769
7527
5205
19035
21908
11190
11531
4326
20788
5910
9023
23034
7992
16651
19467
2695
7687
15911
11863
4955
23248
10399
22557
18025
8913
24542
9579
12307
17322
3766
9449
21350
14127
1770
16986
16676
4275
12300
9708
10839
23130
24125
13182
12896
65
18356
18206
14916
8546
8665
13578
8783
11812
4262
13094
20570
17483
8428
8666
18536
12280
19359
4653
13090
24244
10436
6365
12975
23653
4621
9556
6269
407
9733
21357
3317
977
13167
20487
8299
10268
6176
2834
3650
12348
20405
21352
2338
15378
12564
4663
19163
16101
16607
8519
13149
498
18251
12823
22855
18
23978
6567
5857
6951
12749
15954
15489
11791
18719
16405
17735
12283
19335
16956
9741
21622
24690
13594
17375
6115
16832
20510
5517
22622
13736
22898
15727
1206
15206
24173
12533
24589
23570
20889
10777
10256
1584
7048
18827
18592
10481
5054
12417
7245
18072
24161
8107
17265
18926
20206
21916
1967
18243
10060
19560
11686
12709
7710
13108
24008
10106
2867
15410
19193
23898
7473
5562
22388
13825
9572
20536
17105
17668
11368
16924
3351
8465
8515
16736
23357
14064
5366
4289
5720
14096
1700
18565
2482
10375
19979
8167
20716
20920
7315
9380
18691
16584
24816
6152
20212
831
20319
2077
3211
13973
8155
17934
18793
12895
8114
21627
6266
19891
16277
3192
19121
6582
20419
5216
19296
11178
6587
18690
24199
11002
2163
22171
12112
3575
9736
23453
5664
22937
7891
2666
19512
3590
1278
3722
17532
16174
2068
14764
22247
20360
7508
13559
16712
18816
10584
20143
18287
16917
9325
3495
24880
11430
9984
10270
6898
6072
5144
14596
2802
23875
14071
523
20911
13220
16048
13939
8828
15279
19274
22060
22434
14817
18595
9760
19293
6388
17202
11776
14208
16026
11566
4106
19565
20993
18055
12253
22631
11861
24961
24878
23818
11061
19875
8455
17585
14049
16582
14129
16262
24562
6641
15930
22574
15624
9801
24469
4675
23564
22302
3531
7971
9542
24286
9471
3438
7280
20689
1060
269
11949
19386
4799
10148
12754
17725
6128
7676
13828
11152
10623
21028
23685
6868
19427
16517
7155
19440
2217
14458
13835
6519
6817
22000
18670
18386
3325
15012
3787
9846
24963
12818
544
726
2892
18948
12494
13543
2469
6589
19188
10024
6556
6918
12011
15371
3078
2539
6773
20997
12623
8089
23180
1137
5869
2681
13302
11127
1279
2674
16566
10045
21557
16627
16630
21263
20237
1671
262
5824
5250
7503
10657
12254
13150
154
19472
3029
12986
182
23894
18857
1975
6604
2734
9895
5124
18818
5152
14974
13891
5027
13722
3649
18993
22990
10362
9359
2460
11759
19161
4625
22347
5325
2572
13612
13724
18865
869
10715
8700
14879
11107
19553
14325
24392
7594
14079
18423
21960
10500
15912
9458
7244
17974
8565
22181
6667
2312
17048
1128
18752
20916
16979
24686
16772
9560
2594
20016
9434
21017
4139
12526
1623
4622
14142
17195
17940
910
24208
10361
17318
7230
10386
5400
24411
17317
12188
15142
11088
3898
167
11751
16297
11905
22478
18871
1236
2929
1405
884
7321
6804
13382
7296
15750
7220
11066
17335
15327
13256
23241
15692
13478
11119
15058
4434
7051
1104
21576
21688
3137
23569
3107
18802
15885
20684
7865
21696
5076
9304
19809
12971
17360
12645
15839
44
328
22786
20804
5518
2155
17469
15003
24853
24455
12406
13916
996
21119
6838
4797
9036
3872
16970
19350
18466
20347
24643
19869
18819
7014
23226
9438
17246
4634
11058
3187
18623
20271
12563
2566
20297
21935
446
22346
19503
13680
11982
4219
13432
10440
20434
23781
2508
12628
24137
20391
1313
19577
244
19774
14981
608
1861
12493
21539
8728
3736
20312
5416
12242
9749
12713
15148
18313
13818
2082
11817
11995
5944
20718
15923
1889
11855
16245
16303
6648
15832
12
24018
4670
9800
7672
24523
24035
2893
20678
22378
780
5448
18436
17858
23499
13858
16691
9476
20221
4615
14659
3024
4887
11254
14257
15503
24512
4105
9120
21121
18322
22280
10771
9114
15324
10479
11749
15607
13906
935
7566
17261
1998
17590
3015
10077
13233
4878
24257
12426
10776
7182
16935
23656
8014
3745
11489
20144
21272
18175
5296
21480
4967
4986
15801
24994
18048
14524
11573
16494
4209
14963
6716
23336
8339
10803
13379
1887
2369
23234
15792
9460
15069
2624
3673
3097
5500
19402
17655
14189
15274
9166
10545
22174
18864
1896
6180
10996
20519
3939
17313
1743
6415
616
23053
16399
857
8775
24844
10433
16178
24776
1364
10275
5397
10620
14287
23550
20686
9400
11734
7790
16743
19319
1435
11787
24012
2978
9411
4324
23972
19263
3499
22041
17406
8563
1339
19496
13629
14638
16014
260
17296
9003
22929
9107
5568
3166
7582
9457
20962
721
21103
229
14877
15754
7878
4534
2686
1576
12929
9676
12232
2414
17293
12890
7613
9890
8979
3613
18397
22319
14820
1389
24830
918
18894
6599
23342
6854
9973
18829
11532
6924
9521
14936
3618
14800
23977
20854
24150
10269
10531
15527
15718
14993
15518
17543
16282
8156
14144
12625
9913
23789
8093
7471
14072
14388
14915
3411
2297
416
13704
21637
13011
17165
20977
2189
13230
4343
4713
16247
19517
12287
400
20909
5384
18020
9686
571
20558
9947
12576
19714
7355
9184
13347
15728
15249
9220
1927
7026
2691
3941
3651
20151
22914
7919
23194
23721
10033
22742
5519
12104
20184
14083
19345
2490
2056
22362
8739
6969
24458
12682
5016
8102
3686
20298
22418
8998
12293
21149
12175
22882
24409
7978
21050
23272
1234
3560
24136
5988
23384
1328
20337
17752
5392
20223
9931
6618
5794
8577
22604
6466
23426
14815
2576
7643
14059
11715
9080
10299
3305
5656
12113
2156
2896
3740
4087
2547
11882
5410
20940
19530
24006
23467
15510
23993
21760
11505
24530
23686
14992
7258
21395
14298
7228
9704
5345
20418
17694
22514
20850
9076
16246
24089
4951
9775
11973
5958
14043
11015
15856
22399
2649
11886
8128
7255
19394
24585
23880
21063
1489
21751
15523
9752
5918
14378
5913
10048
4078
8281
10675
1365
19528
7586
19924
24597
19950
11352
9891
12225
15672
2284
223
16161
1330
9509
10120
12561
20968
17300
9942
17071
13210
15539
15289
5909
1336
21105
4739
2997
7700
14721
15596
19808
595
17781
19792
5023
10309
8375
6407
12466
6081
17023
15551
15600
21767
8971
6305
11663
4879
12182
23447
20365
3216
23107
11246
22793
16720
16783
8928
24812
11873
21896
24695
12557
614
22013
7929
21258
19276
10882
5722
13837
2677
7840
5555
4274
5133
3230
774
5718
16678
11201
494
10973
16612
24652
1750
18098
22406
14711
8251
6976
7831
12036
2088
2763
11485
811
5192
8985
2753
9355
8604
2432
18389
12678
11203
12897
19708
9936
23934
24249
1656
23982
16064
173
24101
10214
2827
568
21516
1320
5135
1591
13145
25000
11425
7793
2556
6003
1197
18241
1893
3540
15473
24636
907
10525
24059
12028
15340
7547
14185
7822
22744
13484
16196
14462
22391
5165
8415
5295
17357
20679
11866
21721
10459
8840
8035
23471
17963
10637
14482
14005
12943
4189
24760
14198
24354
9953
12825
16910
4930
20409
1866
21700
16062
18817
9200
17471
24149
1304
16868
9017
1450
22936
12624
24164
24731
7444
9710
1707
17252
14087
2679
15285
11296
11524
19634
9194
4116
16480
17051
18535
7894
16205
4697
19633
23166
22219
4551
2640
15908
19412
21671
8927
24231
17791
2586
24344
14890
3488
13344
19259
10598
16076
17344
3584
18077
14455
24301
16510
6498
6165
7370
9113
11757
8256
9435
18749
15394
20466
4496
13751
15871
4355
10079
2237
67
19852
14922
11630
17929
19204
1016
11904
4279
19953
5803
24557
23322
20819
8767
10429
16667
8325
3832
16423
16099
11377
18566
1645
13351
22610
5640
13129
3322
8112
24659
3386
10100
12685
11959
5606
4833
10132
4704
11975
9840
15179
20859
3551
8944
23289
4515
14271
21607
15643
4069
7541
6273
23864
12821
5726
817
2524
10615
2724
6806
5122
7240
2006
3159
12475
6787
20591
2037
18210
11434
16065
15898
14342
2193
20562
12947
7192
20801
12741
11303
18483
13771
22613
10303
931
13135
21820
13625
8383
17306
8986
603
12736
12735
12404
20769
4806
10957
8084
14669
6239
323
4606
5955
3404
12353
1448
23477
23782
3751
19182
22393
16931
19824
16421
2328
11547
8045
20025
2070
1167
23448
22010
4631
3743
2989
2815
9100
22073
1898
6486
8285
5339
22255
18000
21086
592
3701
23762
4744
20656
8046
14853
16305
20821
6233
17102
5156
8055
4705
15405
23317
20902
21715
4318
14239
22675
21962
22423
4529
7656
6915
9110
582
24804
5242
20639
21369
10229
11320
12462
9057
2424
21016
2127
8037
24398
14201
21907
9968
5877
15646
4657
23635
2329
6091
5492
16500
7579
6677
2173
19495
14831
5262
24128
17506
15246
23075
23665
4190
1854
739
4272
1503
2502
17864
22482
9809
3050
16687
14688
333
18905
10324
2712
1054
18584
7863
9507
2317
13010
3640
10356
8737
21589
24706
19925
6499
16223
12189
13461
7774
6167
4466
6387
8948
20529
7179
20349
19630
23026
18582
20071
19321
2409
5837
16310
10135
6384
24015
10804
6142
11456
7713
21901
10577
14646
16149
553
23231
20668
18933
18485
2024
19447
18119
18820
9989
17380
19998
24682
23601
2219
12424
24119
17510
2796
24688
4524
8588
2519
12458
4286
8146
22852
8878
3519
14547
18382
14497
4953
17748
17604
2394
10643
11936
12653
4097
13253
21082
20456
18008
15816
24805
23473
21316
3901
11508
13533
16623
21294
20130
22003
2199
12931
16771
6296
10690
46
18094
21571
9118
18655
6214
22611
13434
20552
23784
19446
21467
16947
15096
5853
23544
3518
12649
23535
14423
284
15467
22943
13805
17761
13720
5765
20481
17005
17888
10376
4679
24553
23976
24783
21561
9416
12460
13328
18692
1946
17066
17550
10093
20188
13209
12321
22576
19669
12658
21231
20079
7196
19076
23269
22335
11204
5622
10151
13556
15475
8957
8842
8555
17444
646
788
4353
18622
6132
15101
2396
9249
8126
19511
8201
6328
7425
10772
2874
1908
20067
24938
1641
21904
22490
13122
21615
10708
16815
17634
4735
18069
16904
15934
19236
12341
5968
9261
16485
4472
19616
5546
548
7389
22950
995
8808
7003
4825
17762
5553
12425
5645
21975
2033
9242
21517
23345
11875
271
18834
12397
17576
2113
8346
844
1188
3886
12601
14109
21816
5715
24391
280
23470
7608
15149
7162
2934
6547
11837
1973
24147
11428
3051
3463
21541
14147
9759
21022
23303
1720
24042
21734
15429
12511
15924
7867
21710
2316
11928
267
23767
7810
4128
21451
4707
14244
22278
2528
18039
19455
20484
3095
3714
23920
3048
12552
10222
19814
11515
21376
23000
2939
5305
4126
20703
19011
11297
22481
7711
7996
20581
4431
21177
5380
12983
11461
6483
7458
3870
22085
16455
23351
102
7299
16550
11439
16109
15220
635
593
8056
12368
5838
9239
15990
22034
13969
22134
23523
18338
24893
19059
18873
6045
10104
4364
16911
19612
3905
3835
13960
7121
12813
22899
13130
2661
3430
20445
21205
11330
18284
19477
23097
14996
2149
13372
21704
6948
15060
7397
2186
24881
16420
10457
3295
20293
2680
1014
8625
10585
24973
11533
14845
20568
7222
19282
19439
6046
15187
12109
9506
14522
6758
1309
9504
23304
13431
22967
2067
1910
12587
1833
19931
7731
9619
21268
4117
21705
12591
3703
16625
4548
22686
22032
19390
15743
19322
1366
13731
11370
21271
10966
17280
10953
4294
6639
6846
4687
4213
8404
15245
5059
21921
3248
8313
11859
24683
17830
9273
21697
13263
17258
11781
19031
5204
12161
3093
9229
21739
8184
9940
23533
11611
2595
16453
20403
12727
20282
22348
2860
22128
24639
9263
6028
6926
6872
2377
19104
14266
12429
10818
2895
10025
24719
16573
4331
1135
9825
17204
9340
10843
18936
1095
10027
15705
17192
18626
22258
16311
4994
4891
16804
9540
21207
15909
23175
20306
5705
17857
14307
19401
21212
2605
12367
7291
16948
6614
2854
21304
18925
16407
12903
10698
18945
16523
24614
10574
11695
7873
8860
12094
14441
18261
14178
4646
4923
8982
16709
18398
4362
16004
11012
12456
20055
8618
3453
17523
15357
19247
15022
18265
24583
19150
17728
2521
1248
6883
14829
13460
21954
3444
4153
16929
15822
20861
21941
5654
894
18980
2375
5935
1799
8372
3084
24144
16841
10694
13395
5160
20388
12608
16497
7407
8606
23832
6560
8170
9776
14654
6558
16115
23469
19289
3014
19853
9854
3309
12289
4555
19334
8356
13242
4390
23014
3446
222
22719
5039
12206
9002
12137
22254
10969
6392
13661
21267
4349
16596
6620
2441
10686
24808
24298
24600
17276
19813
22365
9785
22740
8967
7544
19912
10119
7344
5045
11391
6535
24762
15223
564
2403
16854
34
15904
24210
6775
23294
17461
22953
15973
3183
12448
17419
12484
3711
23501
24002
11599
18060
15123
13656
7825
10297
2962
2151
23219
20061
10558
2245
16352
8759
4756
9673
19573
19763
4803
16883
21676
2309
23430
19452
899
12176
4469
18798
13160
196
4522
19647
18154
20894
5879
10829
19021
13987
2098
20610
11053
12582
23032
14324
22332
10565
13450
9959
9280
23943
7694
19153
23563
9391
6972
16633
1131
14006
24437
23712
14340
23058
20956
15992
24387
23944
18387
610
4216
5249
2963
7504
21047
23302
1375
18372
24981
14744
18910
18419
9770
22515
11690
24234
11672
12453
6134
5067
24544
10945
16401
23048
2162
23462
2003
18755
13502
7988
10349
12809
20299
18471
8326
16364
3400
4162
16727
18500
18362
7126
315
55
3181
148
16971
8292
13115
19445
24833
22172
18647
11537
8696
14623
19561
24003
18801
24621
24627
21361
8052
24097
20109
23511
359
375
16669
15709
19705
9148
18639
12344
13323
12808
13387
6039
3379
23722
17713
24946
16509
16362
14799
3200
10801
2949
7561
18841
3857
24424
6224
6355
6191
23502
2974
4304
7470
14001
4992
2803
15940
6859
2533
10974
818
23938
5976
7951
7311
15011
3407
2226
11736
24592
22221
12107
14965
12340
22451
10892
15561
104
10603
9747
11938
3756
10510
10968
19312
3333
11111
1177
11530
11705
588
9027
3559
1442
19357
13814
6622
3336
2707
14634
24005
3699
8594
17920
20485
20864
5030
4079
476
22890
3289
17079
16134
15016
23917
8247
12178
11477
9392
24864
11009
23312
4409
21926
19790
4335
17734
16388
975
12594
24667
7009
7618
13729
3806
17624
13693
4170
3606
5515
22723
1857
8200
6429
2384
17927
702
16829
3642
22289
22998
20343
14237
6173
14608
3083
15315
10568
11325
4981
17271
10240
14921
18762
17837
6505
20779
21593
1816
5538
4070
14280
15185
19513
12362
7777
24446
2828
4111
13535
24932
24433
2106
5005
14504
9898
21439
20394
14747
22407
11940
23857
15844
12243
9901
24787
51
3981
10587
9867
24929
9842
838
19450
7354
16393
2272
19916
193
22339
4315
15520
11079
5155
18658
17999
20642
1881
6621
16386
16746
7997
20330
6751
9344
24084
14070
16122
2266
1702
8649
23011
15691
1416
14356
6061
23207
22360
16458
5495
8001
5010
15316
12599
4662
22208
24205
7085
14364
22735
4076
11243
285
2509
18786
7677
8400
5907
2210
3459
8175
14268
20950
18649
24831
20275
18383
11468
1262
20615
20190
22120
8801
2139
1644
12100
8791
762
16202
11423
23201
21823
7410
5180
19336
8341
160
16382
19491
15877
6683
10705
6084
21499
7526
11603
5163
12977
22540
19372
10645
12644
4000
12794
5462
3
18140
19406
3385
7698
16936
4834
23240
6272
16995
3049
3954
12728
17831
9373
16862
7583
5709
20875
4729
11228
20664
4161
23530
4176
19483
4970
8239
5176
20526
16301
24366
10764
22891
3418
8444
8363
3471
13808
6949
22972
3680
22623
18358
13142
2188
19823
21262
16198
3249
18561
16012
19348
2271
6991
21232
6261
19396
722
21591
18058
18727
16885
6138
7170
14222
22584
16218
15747
12993
21977
1504
13178
11421
14081
19002
15130
7524
20814
7349
5675
1575
295
7010
6687
9568
11557
1669
16320
16983
14789
20086
20064
9658
23186
1239
20765
1351
9512
24399
15875
17475
19172
9674
4430
20885
10541
3401
224
2465
13956
18642
22140
14682
8446
13773
12763
7724
2135
6082
16298
23780
16845
22598
10726
10712
3326
10323
4943
21833
11645
5212
23929
9827
17447
21804
13443
19810
13211
16398
4935
21219
23022
18796
8552
23163
10118
9040
16273
21773
8283
7857
773
22419
24570
10235
24631
14124
4088
11075
6507
2948
10067
9499
10807
23114
2031
24256
10832
15276
6437
3854
22633
3434
19119
10768
23193
2080
23948
2904
7940
9816
13879
4108
19986
4204
15157
8132
2203
13694
17644
19596
14714
8241
11083
20786
11
3533
7441
15641
15443
1318
20705
13354
24514
24211
14245
15663
22301
5310
15712
6034
7301
12891
3638
21500
13740
21458
1943
8864
5591
19436
17964
23726
23779
6867
21182
10086
8396
24300
8394
19164
2264
8977
4969
5004
18707
18095
23507
3632
8181
7670
9482
23876
186
2230
2838
9221
21631
4613
21009
23189
4963
2393
15788
23677
9162
16235
22374
5761
20649
6728
14836
15481
7480
22313
1685
1287
15294
8752
16409
1413
3168
2471
11629
15647
10099
10854
12208
22938
21405
22103
12899
9308
20480
7569
20647
20105
21192
20243
1926
3172
19872
13685
14207
1572
24862
2868
8810
19235
11926
18329
16341
23504
11676
15536
18179
1704
10597
2591
15033
23609
6445
23093
20035
2281
15761
22619
21747
19845
10487
2751
18545
14595
5534
19907
20323
5254
16054
22541
3797
5248
19449
5309
23949
10480
5353
21056
9060
14214
10080
4027
1371
12431
14044
22881
23495
3713
15385
10153
231
20404
18489
19682
6074
8659
12246
4502
1352
21348
22799
12960
1996
1719
21678
10767
2995
24207
14341
7598
8510
13360
8409
7817
9640
8480
11739
18286
7702
8680
2161
15577
24028
10986
13170
8392
142
19882
2057
15476
24362
19411
23122
6369
3186
4671
21488
9311
1784
7086
22370
1467
24170
19377
15626
15916
5928
20034
4433
22775
18821
693
15874
20636
5759
7749
14861
4271
5574
23052
4072
21142
16483
14260
13177
2178
1495
11401
14506
8458
23347
16670
16083
24541
15118
2969
7308
5983
19620
2345
6807
6426
3176
8524
3889
16081
5977
13056
2360
4651
3264
18475
950
7653
1754
13034
21011
10956
7960
18550
3679
3631
411
6796
24941
1543
9821
14910
13957
17737
3068
21130
22676
21308
676
11124
10056
15133
18970
24063
24426
5284
6078
5742
24832
3292
6563
1613
7350
8504
17180
12822
8293
16793
23378
4876
16914
6245
17062
14286
11536
8745
10606
15345
20120
24599
10247
14509
10659
489
5577
4904
10389
9421
22404
12772
6292
17159
898
20268
7373
2983
4104
17203
24268
9024
7043
1911
16291
17664
14033
1512
1632
19764
4003
19130
15036
20948
6270
9065
4437
10129
3203
8535
21736
14263
16750
4490
5688
15601
12487
4096
13907
19242
22773
14793
23979
22814
19598
15557
4485
19507
7031
2216
9932
17871
9072
17729
23521
15119
17143
8158
16203
7550
11624
24190
16063
16496
4249
13476
9608
6247
24972
12824
90
4540
23886
12611
2142
10994
1015
16018
449
1954
2947
10292
21175
4201
19404
17669
2467
7719
23136
8551
13422
22749
19583
10847
24212
16425
14390
3161
21771
7007
20967
21021
12920
18181
24216
822
8886
21302
24184
5456
19049
4830
22790
1361
18570
1822
1042
20498
754
5723
23260
6608
17773
10249
1228
22474
10155
4645
2517
12707
17726
218
22681
20042
14589
20732
232
23908
24991
12255
13905
22467
1772
10870
6990
20257
5872
18606
5206
5088
17018
6339
22308
12527
24524
9004
12885
11915
23126
1264
5252
14790
7060
7272
17944
15102
13857
16874
11897
10507
24770
18177
23106
5610
23354
12140
14176
8674
19175
2009
15413
15762
22218
10566
7445
663
9124
23197
16648
10739
8574
24226
22179
22217
7663
20118
17931
13179
20169
4692
10055
16636
3974
24339
18603
5936
6875
37
15388
4777
9362
8499
13158
15627
5115
12578
19765
4519
13921
6920
22042
16446
7474
3765
15462
6886
15836
524
16260
23352
15943
1122
6543
1739
4858
24384
16836
15742
2889
16613
23890
15318
20849
4156
174
22770
19999
7959
20557
24404
1321
12616
17671
3580
7368
6819
18898
1293
2431
1355
10277
22575
11236
7261
13558
1098
16536
16463
5657
4191
5543
16001
16383
1890
2569
10043
14756
2607
14278
20820
19283
6267
7837
14732
1978
19018
3591
21201
22567
23505
22861
17118
12415
9395
1000
23318
21849
8207
2400
5113
21051
397
17711
1829
4819
24356
13537
12535
24499
10280
2167
23374
23377
5131
23299
4303
4397
6100
23393
9211
14236
1211
4267
14478
12783
3700
18868
17614
622
1402
21972
1823
3470
7581
16373
14588
10021
5201
8298
4264
23865
3246
15919
3118
13769
24413
5880
11988
7187
16591
20107
19806
20974
24395
21337
13926
1668
20990
16959
14810
22821
15502
8494
5442
22234
7294
13990
18733
15043
19465
9773
2507
6509
20764
14889
19057
16830
6725
5790
9464
12069
22051
11647
665
14057
5530
1588
16726
14835
12220
19723
4029
14449
20775
12942
15548
22849
10678
11544
14291
10756
10034
7186
2655
11166
23344
19787
19881
16487
10402
2124
16590
7874
23694
15423
4137
4123
22875
7270
8650
8343
6285
4492
22525
6097
478
101
23998
8398
23425
22941
3805
11360
3052
24684
2833
18916
12082
24382
19073
2215
16058
16194
3891
6268
16267
15398
22864
24194
17832
22924
3690
13943
15658
22248
21486
20085
20196
6112
8884
13284
5174
15370
11459
6944
18543
15085
10642
17454
19136
6895
17453
5446
13531
9806
12605
20946
20195
15749
11380
16234
16637
14932
5357
23187
23701
16650
4950
3061
12663
18581
18569
24303
511
13572
23909
22511
5477
1701
3788
17376
9016
23483
21573
7347
18102
8065
5687
2175
23164
17758
6234
24014
15484
24360
12518
6981
2960
1080
17081
6591
14114
13580
17967
11180
22669
8206
22632
15586
6117
8240
12932
4199
1319
23308
1517
3724
12724
17024
16170
4499
1253
5520
21174
713
8140
1256
4700
5697
6216
129
10736
5528
10816
16655
21733
13726
109
16324
18361
17234
21323
22683
24759
18627
17767
15171
13617
9565
24970
1993
9197
9207
12320
22014
13550
2964
15054
18001
12004
151
23647
4040
14115
15755
22129
14851
3816
12438
19407
24460
4453
16765
18792
21799
10846
8068
17014
3124
21644
144
12106
21586
14420
22394
17918
6048
12615
11640
19025
14640
22325
7501
10374
21374
22089
14310
17768
15365
24374
779
8391
8658
7649
1498
1381
5691
17319
21041
24053
3378
11314
3957
531
24988
11901
6908
21148
17327
12190
11108
9265
16913
12974
5883
13446
5321
22989
7900
11402
9614
6175
13154
13662
12641
17157
13489
9442
11283
15549
3339
24467
799
22072
5408
14762
20596
18601
17184
5595
3456
23831
552
6067
4573
8254
990
723
8786
21906
8469
2808
17600
12782
13078
15244
7144
16671
22862
17943
21865
10431
13213
15392
5234
2575
7239
13452
14837
1277
19113
17177
10779
7424
8675
17775
365
6742
15434
13635
23061
562
7023
4563
18369
8953
6850
16045
4768
14801
22640
11413
16209
9586
18533
17968
18891
3321
140
13116
9990
8151
5593
23427
4610
20621
21911
19157
3271
6277
9933
19952
23603
23627
16224
13714
7020
15074
23986
18066
4882
1350
21384
21582
6745
17107
4413
17534
15622
4360
15009
23125
4486
10246
12534
8833
2212
11670
155
4847
4476
13198
13500
1031
18484
12790
16646
16980
14472
1088
20867
8703
18748
17080
18120
6168
14065
23392
2343
2635
8051
23249
11156
19024
23952
22646
3196
10372
9494
2401
18353
20930
21124
2545
6087
22261
933
10610
8497
4734
11596
2282
16755
16615
23321
5564
24108
22309
24709
3532
1664
1187
6455
16961
9787
4371
21310
16340
24949
12632
1569
2358
17416
18087
17190
4242
577
11049
7462
16325
9798
24046
15819
3005
24515
13981
8802
15021
4640
6928
21256
15197
19051
8232
4827
21636
14204
317
4586
12378
20796
16212
14842
16416
18193
3388
6418
4412
22136
5938
13304
14427
22987
11250
18992
7786
7361
128
18951
4169
19584
14876
4009
12621
9363
1005
19640
13012
5827
19329
2293
24722
24649
21618
13072
7753
11998
23744
12223
9967
13077
3195
20575
9803
19963
22070
16327
18315
13988
24681
10673
22075
10729
7378
4006
15629
24213
11442
12078
20254
13044
22344
9701
21693
14998
3359
13001
2257
22985
22114
6997
13869
20735
24342
221
17667
1530
10753
1826
6454
4619
23451
21100
4357
6278
24461
17712
22572
4708
24827
2923
12858
23481
5064
2438
8019
24410
5458
16402
17410
15243
23131
2918
16087
4494
14103
13810
11710
1144
5650
2617
11713
21109
17021
24839
21139
12091
1049
2304
14480
2772
8116
2637
406
6406
4860
12314
12163
5459
19557
6830
17651
20776
1844
20599
11196
11967
13120
9555
10638
18138
8950
12697
10238
5863
21343
7605
22409
19250
3184
24201
3798
6515
18084
21783
6023
10784
18737
20762
8364
6512
15204
24671
21669
15486
12122
12833
22250
14694
16074
14592
9852
17050
24066
21354
18235
3026
19254
22913
24377
16230
1752
21994
1565
11522
12810
17977
6538
20741
12301
944
11195
4368
16744
204
6816
12061
4420
14901
18056
12569
8188
17481
22484
5129
13353
9518
24508
6686
22411
24073
4212
2238
7221
19432
17243
3199
889
11037
7287
1434
5362
14313
24315
17562
23965
21469
567
17060
9375
24272
11277
11501
18831
16295
4252
8474
7452
5912
18116
22396
13576
7558
10194
23798
13236
24495
10619
381
14090
3479
12834
20097
21389
15657
18867
9234
21662
16147
4703
116
1039
1466
23439
13025
22782
7120
22220
20761
1524
14025
17440
6578
22591
17
14311
24777
8612
17933
13929
12655
6130
24112
5476
3126
752
23573
4865
19793
13968
8518
15829
21756
15193
1886
7683
13275
506
20592
19971
1112
22008
1688
12125
8387
14549
62
16150
6164
18279
19103
5934
23162
17924
14585
7109
3925
6442
3091
11553
21284
7549
8040
1305
24655
19105
3427
14514
14409
17424
11179
12075
7843
20474
93
15803
9832
24047
21520
16308
4280
1401
18031
17744
1072
14297
23077
9862
18870
18648
3907
9298
2412
2314
15748
9129
13099
19844
1786
21761
11323
3599
10813
16522
3629
5323
12863
24908
11103
16823
15724
668
13376
21558
6202
15580
24678
9296
24304
10030
4682
12257
6263
15255
5481
6385
1044
17611
2694
18858
18615
12435
22376
16256
10173
15290
15814
22067
14550
20793
20842
15
3953
10096
12771
12708
17497
6151
943
21076
19656
1779
423
18966
6688
16132
11177
4030
344
22206
2361
23684
8545
17805
522
12894
21980
23554
23808
1429
21039
17193
24537
14146
4826
15235
11137
3039
525
9158
18901
24689
3373
7593
1451
21367
4960
11983
12836
1290
1611
21903
6217
20229
9553
19026
15120
6376
8735
23031
21024
2250
2368
21522
16343
4938
1598
4815
21331
20897
10000
1765
7417
24744
8502
1764
23839
14063
7268
13091
9754
17400
20560
7846
7602
24357
13665
11565
738
4052
22321
24021
2505
19112
3362
3347
13787
21511
10302
21569
11607
9633
10350
9954
17422
2000
1404
11871
4856
13388
3390
4717
1482
7037
7847
19777
15280
15670
20604
2422
19079
15524
13435
22959
15066
15322
23176
16575
18421
13488
21037
15490
19635
6502
5917
20712
7962
17464
26
14453
17656
8063
6607
13265
23038
12169
2853
8727
17856
3036
22441
24168
23437
992
5633
9330
4761
13834
9535
927
2176
23341
2166
16220
9515
4958
19690
7661
2370
6576
19536
1860
1486
12144
15343
18887
16414
8205
18544
20399
8764
18560
24554
14314
15553
22778
20573
24534
1731
21293
21497
18653
2654
23315
4376
2025
7024
4393
16152
17945
16805
17423
23353
5578
10556
2411
2295
3644
15756
19676
8797
23356
22792
22296
12039
24146
4959
17200
4359
13878
7143
9368
18426
23440
23528
15671
24737
23174
13671
12857
2525
965
9238
14487
23328
9626
18856
1535
5632
16365
1788
24797
14886
10524
5469
12756
10977
21913
4912
2130
11651
20357
16561
18266
2931
10037
2531
19717
3308
21401
24817
10134
20230
23577
17760
22244
7519
4728
24287
8622
23667
12214
172
751
8904
8702
8717
18624
6579
7279
13588
15868
17070
23761
840
11138
7629
848
24687
21136
12387
6896
23718
1332
4812
3004
2816
15015
8005
3775
9199
15086
12543
23907
4253
21196
5307
12609
21836
5848
3416
334
7201
5389
16351
19582
18375
7871
11976
11044
389
23845
10788
13117
1386
5905
7588
6711
6190
18852
19428
9106
15815
23960
1935
16162
14448
1062
19231
2114
9274
23091
21818
827
24309
6154
16133
23101
2882
22994
14545
12020
980
11008
3515
6461
4099
12507
13181
22224
4999
13321
4681
22772
22663
1291
11051
12384
2675
10668
19245
22316
20373
18035
8859
9491
3329
21990
1238
5667
11216
428
19677
17932
11313
6888
8903
16353
21866
22759
15134
22410
22758
10791
12630
12278
16864
3648
17753
6837
3489
9131
20242
18618
21197
12542
13418
24513
13272
11902
5082
11687
4118
6368
6839
1052
14692
10254
23662
16813
7916
13934
13424
21244
15744
3789
11632
23997
10444
11321
10578
8782
2131
21064
13545
16626
6760
18641
20653
22
15077
4050
24100
1462
1982
16193
8382
4455
4553
9602
3150
16733
23110
9505
10243
3205
3592
8550
13292
13575
1246
10540
4822
15078
7204
10825
4873
769
10108
14357
7771
2766
18113
24416
5540
21928
8431
7358
3894
2092
5431
15346
8296
12085
7803
10932
17120
558
18236
14914
1505
23301
3286
5945
16392
4010
15694
2908
13217
847
5168
14856
18803
14571
22215
19464
18474
15893
12523
8651
15260
18311
16300
3141
24956
24022
8121
3763
8780
19830
24477
12268
6656
11383
18472
22331
12862
21155
7392
8772
23805
17587
13631
886
5099
1055
4163
5468
21200
9481
22797
22193
11660
14969
4047
13883
3978
18332
16537
10665
5419
20586
13411
20113
4230
3965
13200
14931
11785
8489
22445
17730
21793
484
4461
6342
21800
22858
19454
1491
12504
24050
24516
4481
1020
2462
2536
1626
12382
19955
8066
16422
21923
11270
22314
14328
12755
3032
3057
1139
7828
17743
6955
1604
19619
2875
9594
8656
23933
13254
17512
19988
23655
15002
15369
20514
18878
16299
7658
20872
4411
672
2464
24289
12154
13609
17286
9938
10588
13761
19256
20175
11586
11457
21327
1303
2846
12128
15962
9086
19569
4369
22079
14370
3924
4509
5330
23543
18769
11395
3860
18393
4764
4766
10483
16183
7146
168
11674
10369
10913
8762
12110
15240
12081
17867
8846
14192
12637
9621
13252
21791
1813
19780
2459
19657
21383
7691
17395
23620
24452
2801
10015
9353
18215
6603
7968
6940
14959
14211
15700
11420
23282
1511
5969
10901
5299
11996
3493
7782
13033
20247
12684
12419
8876
23390
18230
17592
11559
17035
5094
19068
15459
19050
3001
18527
2388
6675
10486
18826
7876
20266
3935
8815
10125
18526
19641
20706
21550
17515
11273
11214
14606
11170
24435
20681
20304
5609
16620
6076
21419
1891
345
18599
14559
1693
17901
24653
22804
12077
16148
9511
4347
12336
94
15935
7800
15062
4716
2498
273
5047
1213
5102
118
15261
15411
13095
18696
2380
14878
4142
20832
8849
8358
7806
16801
20056
7795
20805
5008
10342
10278
7160
21160
11784
2258
4842
21648
1136
21638
3356
16806
16985
14672
6910
631
17705
243
1499
11169
1790
10499
10650
14880
1545
12059
11840
7784
7560
973
23291
2562
8423
2540
1610
21449
14668
24577
18464
1847
5257
10555
16467
10835
18766
3956
21430
10183
10655
19518
19671
12531
6187
17511
6347
12328
4414
21742
5812
257
18611
7859
4857
3261
18932
20300
7069
3853
11426
23184
11929
9143
14591
16899
4849
10272
24824
5255
4934
33
21078
16968
16993
21278
342
19311
21934
7333
2066
12446
16946
14738
10670
13574
8000
10618
14461
17075
13449
9098
1433
21821
6653
21104
24713
13659
6988
15412
3757
235
6968
18788
23760
14128
5111
3327
6001
20174
2966
23622
8924
2086
11511
14647
18960
13749
11343
21433
22774
17363
10782
12450
15785
21909
2955
24026
19379
6390
2457
5311
753
809
20756
348
6661
24849
8279
9533
887
16838
18378
14599
24654
12760
16773
7832
12529
14796
23141
19238
6345
20368
23534
3621
4276
18724
21213
18958
18521
5055
11803
16462
21811
11219
24786
18734
2812
14710
10331
15061
3985
11997
4920
13164
17212
11115
21646
5177
16833
11198
16249
20255
19279
9978
13058
20983
11654
16967
8807
10085
11266
18686
6174
22190
214
2952
13913
23644
14188
23150
9659
9470
13092
1414
5919
9526
8284
20791
9266
24485
1532
4608
18778
254
15682
17675
19138
16013
10212
4091
15507
3728
3546
17455
11688
24647
8255
18185
339
4939
5956
14982
21861
9379
675
3738
5731
1592
20198
10993
16858
21777
4669
6255
13975
10855
6813
18176
7250
13993
7093
1556
20332
24121
7525
8626
3875
4749
3822
7848
2449
18984
17731
834
526
17727
14665
4095
17692
23792
8275
5114
19603
16735
1190
9193
18294
932
941
22602
5929
13019
4136
5143
8643
2100
10347
9341
13717
24724
4407
338
5173
6322
18556
2436
8478
791
2385
4419
14319
14440
16499
13551
3012
10983
20153
16827
6649
8157
15566
310
17011
21762
4947
10716
8459
13944
14827
23160
13712
4590
10020
1665
17691
11846
20989
4378
7000
6663
18468
23576
21478
1312
18699
3301
2599
15857
5499
19362
20896
17674
131
20181
12032
4246
5029
11211
3980
9053
20800
20492
17273
19750
1158
21629
541
16208
9946
664
8997
16192
11820
3951
21956
21292
8013
190
1123
13316
9495
6903
11979
13355
24580
23251
24845
23129
5979
19667
6957
21948
6606
22968
20350
3604
19762
21151
12459
17291
12226
11919
10167
22980
19399
7225
6281
13408
18412
1162
13509
4552
12079
3964
252
12659
1009
4051
6771
453
19093
11712
2886
19072
21314
18723
21363
18761
22356
21342
6124
15019
15775
5878
14288
8367
14259
8115
6834
13404
18187
24634
15552
3961
5865
21513
20397
23807
20954
20125
4401
16374
18613
24567
1259
24120
20900
13911
6708
5951
1787
8826
20145
2363
3366
24206
21396
7015
24191
12999
7895
21344
5862
16622
3734
10895
20869
19363
8450
20431
1751
3365
17881
23816
10663
8244
12554
24276
19114
23055
784
14335
9539
13710
3520
23749
1230
17905
17793
21711
1311
19371
18921
13144
21728
24921
22020
5280
15846
14464
15517
21577
1817
23889
20692
11241
192
8048
1458
12798
12969
10244
6338
15933
7343
17402
6643
17473
8636
12803
8471
7403
1065
24293
14134
15414
6433
13442
17284
21060
4585
11365
14898
112
15354
2721
11281
18451
15483
13976
20734
4637
8178
24882
23096
1395
18537
17524
6065
13754
3232
19720
2592
17164
3242
13940
2574
8946
23275
2840
22122
8236
4081
14046
8319
18559
8676
5702
17022
9848
1201
8854
9037
3306
3238
2744
8215
7468
6489
20356
11287
9880
18694
14971
5359
24465
23860
11637
23132
12505
8332
24030
22859
1171
21386
601
19356
976
2097
24243
24221
1593
17804
9955
3581
12492
1461
9793
5811
15978
8730
599
23692
2549
12876
12639
9716
16173
16214
12192
22694
10116
15172
24009
19664
12166
5467
15708
5214
13599
5894
9828
20663
434
19709
7707
24222
1058
19559
19309
21560
744
9350
4195
4894
17957
11035
22322
16998
4730
23637
6476
2335
24791
5795
21168
1808
6720
21228
877
21237
18224
17970
24568
7852
9717
21973
7849
14305
17494
24368
2884
500
21112
8566
18316
16447
18129
14755
16557
22732
14300
1150
17605
19108
22963
7587
15660
10632
22135
17173
12693
15182
9649
2880
1648
22570
23738
20707
5355
12604
21976
23531
14562
21590
4277
24721
23739
712
21461
4471
10750
24166
22939
11514
3564
15199
8360
3869
3940
10792
18133
12851
13676
6805
11821
2781
17766
103
19382
21241
17948
20641
9639
13512
12297
4427
9283
5830
24498
17993
16938
13770
18078
7823
19373
6575
3477
18553
17490
1827
24292
13427
19187
21145
18758
2793
12354
7770
20152
5179
13319
16010
13006
14531
22334
178
24054
5989
24017
563
5600
7517
24789
8570
21770
3474
3059
7882
12489
20890
7396
20364
7464
8776
3458
14737
16370
24699
24863
23283
9777
3000
12012
10306
11132
13485
19324
19102
3069
8193
15288
17808
8984
13148
15521
24798
3834
2214
9541
22090
16840
8481
6029
5053
3198
10196
13303
20877
8267
14123
23008
22260
23286
5245
19174
23793
23229
21872
14561
9291
2837
1373
2115
15736
2559
9538
3355
13134
10477
6786
7792
16025
24321
23406
13903
19257
24104
10176
3367
16506
21828
20142
14833
680
10378
17309
22621
15516
3729
4706
20671
12006
23935
2957
20527
13338
638
5888
22056
15826
15034
1897
17612
7779
3335
18110
815
23485
18192
16346
16776
19147
1957
602
17504
11033
4482
3610
19029
24930
6004
5716
21366
12662
16268
5881
12333
10806
17840
18075
8749
1432
10687
759
161
10926
124
8579
9000
4103
7406
11175
24715
13051
13306
20538
21917
8589
19543
1296
11197
4046
5891
2705
9554
1181
18740
705
2485
15862
1460
7798
19731
17549
19883
24596
10327
23071
8161
6554
7013
7418
11073
17127
3979
4965
15444
22645
2440
6377
24588
3190
20567
9361
2301
14527
23871
5613
4591
18159
15820
10827
22380
9297
5670
21436
7984
3705
12966
1474
8765
12868
5774
1155
4346
6772
11602
6204
16565
18823
9605
22294
17938
3437
1925
9666
2506
15602
15958
4507
11700
19932
14415
13048
18990
2140
24076
4743
1446
10082
8062
11816
21955
4019
14679
4807
1878
16752
16432
18264
21894
6497
20194
3221
6256
23222
16949
3947
14902
4665
11153
6235
22716
24034
9201
17653
19383
20973
9322
22966
9171
2228
81
13513
322
10660
5166
22908
1590
15971
10601
17457
24431
21873
16540
8135
22979
20516
10164
21202
366
17803
11675
8716
22283
6314
2587
19538
13451
19994
11146
16533
21610
3406
19116
13301
8173
12651
8766
5809
14382
2354
9035
22233
19441
16017
3454
9139
11740
17329
11828
20883
6776
10613
17358
17869
22315
10121
903
20189
14813
287
15175
6676
22777
13627
16080
13195
1036
2104
6026
812
11895
4406
5900
24986
22555
11458
4695
10747
10137
19184
22761
7443
19095
23411
8743
18549
12991
2174
10828
9155
15331
710
22935
11527
1082
15217
16942
13786
1629
19661
17333
13146
1151
18376
23811
18776
5061
17505
20344
9771
9020
749
10503
6017
17368
9985
4820
23089
12359
21217
355
23693
22487
11129
24023
6062
9694
9823
16795
10345
1161
5275
19209
13854
10170
15966
10010
11487
18725
819
16361
20258
10838
20089
7038
17025
22092
1195
23936
16748
6364
21045
5925
16005
7695
7829
15248
17091
4320
18459
16601
1647
10695
14857
19292
15474
19288
6215
17431
17862
6374
21353
9609
8169
3666
12560
282
7804
20887
10227
11609
14179
16900
3080
2213
18711
10430
5293
21418
13107
11275
23769
7439
1958
11068
14199
8978
9486
138
10263
3293
11349
1614
11893
12955
18150
5982
3380
1863
12136
8303
327
12437
21280
17034
19773
14395
20202
3273
6707
2402
24887
16322
246
11021
3733
13333
16011
6737
12423
8623
18551
6577
13816
8507
17465
14809
19221
2150
8252
13536
303
18918
765
11909
9049
7071
11673
8257
9081
9275
14678
8238
21993
15129
12264
4680
16204
4229
18944
1299
23370
5465
778
18874
12385
1676
11842
10022
16016
1921
20352
1875
5548
3330
4330
10089
23950
20728
15614
18051
18883
9331
11285
16036
10396
20232
22228
1718
17233
169
8936
17484
9577
15178
7830
22923
9523
2968
13400
612
21005
2578
508
14872
11598
6984
5052
3423
8438
13118
14966
19592
2784
8779
7918
4284
20995
8879
16473
5719
22132
17807
11701
6718
22653
7054
1983
23385
23171
24415
18695
17275
6746
7008
17100
4102
16824
4031
17478
16468
24604
16239
20659
20045
22710
3777
5080
16379
9997
23763
20941
15007
9233
24040
656
18197
10107
13238
23536
24385
17950
24806
24875
19264
16737
7908
15937
7714
14693
6439
21809
2294
9987
7065
15298
23208
18299
3879
9858
16165
19721
23063
10490
10154
4924
19662
733
11849
3577
20745
21261
18596
5146
11134
5615
17759
23474
11019
24352
1805
13288
23128
16251
4694
4231
21876
12016
13436
7890
21864
8609
3369
11723
6520
3796
7371
1286
7224
6310
22926
15964
22336
3210
23358
1126
3241
5954
2615
13065
4758
22355
689
19782
17141
8070
21481
7986
4896
2748
5239
21459
21712
24622
8164
258
8262
573
8447
21685
550
17556
6882
13597
18130
300
13759
20766
22077
21621
15492
20235
2242
19275
5819
9830
8096
3706
7265
17917
1717
13000
5732
21422
340
15417
5545
4462
20377
120
19681
14321
12037
19913
24093
18067
14454
8352
23904
14840
4282
13270
6646
10922
19537
2746
2909
12213
12072
3361
2870
14771
21719
15079
12714
16181
23
12854
10410
14716
2084
9684
17520
24111
13138
13688
1974
7764
4599
19968
17582
2137
20907
21434
7688
4062
24995
6057
12074
21946
1769
1370
11770
14238
12781
21641
14983
6013
5779
16068
14745
2625
14864
10497
13255
8445
7939
7490
22648
10084
16378
21307
18701
141
21153
20286
20241
497
17661
23657
16558
14051
17779
2119
24871
20292
454
11080
11650
21289
24308
9397
20024
11999
15684
20400
15432
22107
4813
23405
20276
19173
14674
11664
22737
22674
643
12156
9763
20927
24955
13296
1315
19637
3611
4188
19342
16933
22615
18271
4709
1173
16426
9737
19160
6681
2132
845
5313
12398
15083
3457
16315
21291
7364
12285
20116
14517
821
19794
1454
2842
10408
13470
2011
9592
3848
17036
17802
10888
18457
2907
9975
24990
21752
23607
22868
24967
17408
19479
17274
7242
5120
18773
12901
12306
6878
16452
20226
12519
13361
19424
6144
2944
5316
12600
13961
19605
557
1103
3759
16606
9911
4025
15252
22508
14407
15529
6695
23927
16066
10062
15466
24546
13369
8760
10354
5048
8003
7455
20131
14712
21835
4618
22158
24351
8323
16571
18632
5496
21884
23827
5407
10617
12874
21640
4652
16454
19269
19627
6842
7505
14909
15791
20099
24753
11814
5939
66
3628
7062
19613
20992
4773
16306
19054
14824
15358
15305
3134
16696
6761
6041
7896
13733
17595
18729
2318
16095
7993
16644
13380
19753
9390
14233
24266
19989
11741
8839
9190
2160
23560
4307
1410
11018
23932
915
12346
11476
11932
7256
12370
1391
23817
21102
11440
1255
24280
12861
10035
6238
8294
24897
6491
19287
12688
1753
13744
20731
7405
21334
13028
13592
13633
12787
20806
1564
17350
10198
15418
9807
1233
1843
8897
5506
22813
2041
12704
7869
473
10294
5981
742
21859
18764
12917
21506
15704
16920
2621
2809
15469
3218
6754
22502
17013
23255
10127
624
23605
5758
13812
15442
9818
12979
6394
16219
11800
21329
17751
18460
9252
2447
5308
3103
23196
3021
18059
4014
14161
7814
13027
17880
17355
18407
2550
3382
12051
14784
3313
2792
23438
16661
6545
7263
2157
15404
23599
12913
5089
5575
17662
18588
18184
6743
18812
8653
8597
20825
21375
20220
6185
320
8557
18427
10941
19728
2491
3060
13674
17114
23094
21832
12121
3730
18515
19358
9558
15804
991
9863
20840
18506
15266
20451
17878
7376
8144
24115
21853
21964
23548
14067
2190
5222
5818
12478
16024
17954
11047
8657
15655
1578
11389
20478
23383
9453
5461
22920
22878
15455
7799
20574
17153
17099
2852
9699
22952
363
16525
15126
22084
16848
24007
10677
10028
2475
6011
17558
1419
24874
4824
11234
3087
23482
24680
5729
23198
4263
6795
21565
2790
12201
3425
9055
450
23597
7298
13374
6530
4698
16336
20026
12230
22386
20052
24348
4995
3300
2604
10720
24127
9581
14967
2172
12005
1175
1950
88
15200
16534
14725
20512
6546
1594
7251
14329
6847
18026
17219
17801
4206
5521
6318
15309
24551
19552
17896
16790
20584
23492
7904
4721
19340
17800
22647
24579
5140
16166
8127
12799
12451
11595
6845
11782
16211
24616
18965
19939
18847
5132
23733
6353
16982
21831
7576
24648
10904
507
20717
17638
5859
9320
5101
10862
16097
21107
19010
5629
25
3900
1478
11551
394
5679
16360
15895
10514
2570
24474
7493
24954
421
16766
11366
16925
13087
6792
5605
5007
21951
24934
24106
297
22477
11143
13758
19797
6241
23412
8197
17255
2231
11507
22713
12841
15231
22912
20005
17496
1302
13880
1630
7391
23617
11980
8223
2552
4184
15128
5148
18915
21902
22526
15659
9888
9656
16732
22620
18978
24730
24080
1121
22274
11038
1316
22476
3783
3973
17739
22468
4129
17427
372
16138
24867
19426
2365
11372
22734
17435
14028
21019
18345
4985
14546
23145
2623
3521
13767
23743
6829
4864
7066
14003
17106
11255
17965
8311
5283
8701
3503
11818
22124
13014
5571
6451
22730
6694
19893
14636
18085
5240
24497
19170
15652
7685
9833
11217
20858
9186
10265
24718
12501
15767
14466
7248
15582
7709
13619
11427
14942
11745
17156
20537
22044
5839
6902
24947
16445
3626
1244
9779
11014
17381
21789
14397
17555
9487
10207
9343
4457
23632
13187
16039
12860
2263
20316
9750
1265
10592
12245
3424
1550
15999
13290
14004
14145
5712
47
22949
20727
6925
23828
1428
22358
3975
1756
3360
7917
2920
2779
6723
2658
18600
20868
5285
15180
16604
1697
13718
13583
21880
12568
1919
4993
21958
13362
23652
21599
3282
18605
5744
9646
14582
8505
16222
20453
6044
4077
10999
15387
14249
6810
1601
14826
23951
11016
11891
21188
6456
23435
2096
4747
15165
10869
22802
23413
11128
11329
8934
12667
4299
6370
1587
19180
13600
4066
14749
8030
6156
13844
14572
22231
7091
1880
10682
17272
6243
19415
24367
19812
21686
8180
5685
1825
24258
22634
18680
13194
5243
18849
24741
20626
18406
18201
8769
4504
9182
360
2973
5601
20238
11176
9865
10019
9422
19595
20618
11702
22337
24800
8909
7327
13204
24971
10785
6992
16368
19486
10255
3897
7131
5319
22417
14074
19007
18156
7316
2598
23290
10040
2013
15515
23687
5730
4595
1378
22863
4685
7226
16860
4186
8527
2005
7338
11730
19146
12956
13042
16887
2741
7826
2279
17883
6783
5382
22609
22435
14102
7842
325
5798
24388
1970
4737
15997
13695
5109
3998
12403
18438
5043
5394
5480
21081
8491
7600
19973
17740
16653
21338
9678
4672
1358
7708
7018
6379
914
13752
4526
9348
18815
4635
13495
1396
7906
2072
8621
17620
18183
659
17718
24633
6032
8204
8328
21769
7680
24828
3169
23221
16347
1544
5247
5371
22666
16761
4977
12648
12665
21144
15452
7057
12875
790
10544
24872
18477
16073
15131
6099
7990
4684
17769
22810
21649
4483
23006
13970
1661
7741
4883
24565
15790
3174
9812
21046
7563
12828
10175
20289
7274
14303
16408
22658
5411
11397
7947
5930
11877
10328
9941
6421
5922
6290
19895
17598
20007
123
15496
13501
18377
21391
17701
15044
24178
12496
3695
6244
17577
15059
10236
12042
455
3820
1810
17413
782
22819
2063
13243
15237
24320
10296
17194
19278
20471
1868
22636
24504
7801
3994
24931
503
6291
21247
5347
21854
10896
10646
20823
6689
15153
21379
21758
9914
12614
6823
11961
1010
8654
2320
7861
21274
8820
6709
4867
12847
20135
9513
1344
3800
13614
5753
17002
19281
6638
13082
4505
15440
9628
13227
11206
13383
7357
22571
18178
7577
22063
2010
4582
20963
24710
10820
13064
5273
23964
8041
3491
23559
6420
3422
11894
3823
9315
16870
16206
6525
19470
12049
3473
20411
7559
12886
7697
9374
9961
23232
23206
19600
11232
670
19900
11029
9900
9700
768
1109
2807
12647
24154
11518
3469
16775
970
6769
17919
6332
3603
8043
22957
12483
7006
2483
12329
15555
5692
22522
7460
1727
21483
3392
12579
11286
12840
9774
16019
5999
1314
2735
16656
20697
15395
17320
6905
4465
12744
14628
7689
22815
17732
23246
8437
22880
9661
4594
4771
4223
14436
15308
16763
12773
19008
1091
5427
1132
12339
4133
3883
679
1885
5329
2111
23389
21647
3467
15981
5767
1030
3487
16084
1619
906
18722
14468
805
24556
11245
4837
20075
13510
13287
4918
20675
16912
12101
9993
23674
10008
13897
20822
14014
21429
4341
6352
21597
22440
15176
17198
23245
10502
14870
23118
24440
3073
13067
7645
15329
8095
1895
17922
6615
18949
8130
2653
17064
22605
10856
17602
21914
22660
24814
16853
19251
19631
8922
15174
9324
1835
21698
8811
20789
16145
10124
10746
14308
22207
16569
12829
13777
836
11888
18021
9208
21326
23084
1269
14264
216
7965
19698
24087
15384
22670
20290
14435
19805
8774
5889
12311
12954
10332
20677
12677
21969
16672
15230
8990
15779
314
7851
16699
14137
23915
21324
9043
18961
7234
11405
1673
15675
1809
23641
8887
1824
12883
7636
5072
9695
6635
1643
15334
17925
13529
11233
5683
20938
683
21813
11478
1518
20799
3615
22029
1562
19338
21411
4440
4370
2771
19665
14633
21249
4177
18665
11636
18134
22960
7926
8021
4143
1570
22287
152
10373
15818
17307
5015
24414
24983
20269
21579
23578
986
4487
22642
19461
15449
10793
20370
13703
10337
18988
14661
17462
4908
2480
8397
2055
6308
15899
11050
12365
10391
5652
17909
9868
19299
13932
12642
3851
23443
22273
14202
9259
2116
10355
6964
4001
19046
17826
20737
23906
23237
20296
7070
20199
6019
2933
17425
4686
4107
22537
12747
13375
19888
17242
3494
3873
5396
79
22745
13205
19941
3110
6755
6396
1672
14683
4989
3582
331
19585
24781
10180
1749
3878
8910
21895
21774
7154
20210
14394
21495
6107
21035
15951
18446
4085
22078
11488
12731
15225
13458
15482
4832
4101
14735
13428
2780
19644
4328
4925
22035
7404
5921
13017
11355
1064
23820
6363
16526
19575
15837
5298
12725
17451
15213
13294
11990
22017
466
6510
4225
2046
12090
9889
2642
15931
5665
24676
10230
19004
12924
24069
16618
16686
17588
24960
11953
3927
11733
16316
19087
10394
17310
10117
13059
15593
20482
14736
2726
5624
12556
157
21927
16184
22214
4017
10937
16113
4623
8355
3413
16760
10103
19749
8246
11549
6465
22755
23516
18015
17566
12717
13283
12710
7169
18687
5842
5344
13882
19014
21936
12577
7949
6750
5320
2719
4302
13171
20339
465
17208
15867
4902
11023
11994
1892
20785
16812
4159
539
22988
11582
11613
16779
6313
11935
16266
21234
20207
24666
14950
23170
12963
1883
21069
20225
10006
11680
9445
10611
22096
119
6249
14302
20729
9007
21510
14920
19817
21397
21094
7046
7078
14193
1563
17942
19890
23720
5060
5404
12427
17386
3253
2069
2454
1465
4422
13628
18987
23003
15163
12185
3548
12631
10624
10341
10264
17847
15948
2987
5952
2442
6672
4439
20981
4260
11543
10936
10400
9893
8466
13331
23457
18365
9378
8792
8673
18908
20774
1698
22405
17304
3149
7022
13611
10461
7603
2123
18583
20387
7572
2477
15841
12982
1606
10972
19159
24223
23897
19894
4609
19500
23472
9804
5474
20895
4432
11191
11200
5617
13797
12131
11048
5867
18297
16088
17795
1229
9525
13259
3616
16244
11615
11556
6096
9905
1879
14535
20891
12532
16616
5806
16265
18482
23009
21844
12676
19468
13057
1573
19524
5911
10363
23423
7623
20999
7883
14481
19389
1523
6824
11834
13168
785
24114
15872
10995
12210
12948
24825
7366
18706
8514
13262
763
1583
1469
13901
4570
24204
175
1029
8110
17436
22754
3341
22546
7946
14094
20121
5185
17452
6797
17216
22583
8259
24907
24192
23800
4363
6196
15403
24402
7271
1409
6504
18269
3288
3217
11722
2946
10589
3739
17818
22873
299
19186
10171
18128
11436
11161
7413
21431
21778
14007
18417
15212
4241
13080
7778
16528
9188
8493
4395
1033
2387
6552
23029
7200
18182
12990
3353
12263
888
21355
13967
1038
1595
12805
6178
14947
17256
396
14399
772
4309
8007
23649
13054
23879
7191
17687
21543
20314
251
7879
5070
23247
22182
24861
8800
9624
23799
208
21885
7304
15689
24586
23610
2486
24728
10572
11962
19434
8153
21336
11608
11074
2012
15533
24895
6092
8896
14675
3566
4435
1411
20329
6137
11462
22021
19374
24302
393
24673
23702
3537
22876
13591
8395
15699
12237
19590
4718
8882
12103
7875
14726
2785
6321
7125
6344
18736
19376
16916
4506
20614
11731
10900
4339
8695
2638
13746
12691
11034
16069
23741
12583
15364
19101
22230
17098
13942
17104
5660
1997
237
23082
12087
7495
14098
15107
12635
24915
20698
22121
3294
4243
8963
18290
15840
24703
1912
24602
1798
12607
11635
11293
18325
3018
18671
9896
18212
1678
22232
17354
12695
10946
20893
19422
10166
10225
23813
11415
21055
5973
22177
22069
14359
6921
20333
1725
15771
11519
3785
1677
24379
2302
18505
15368
21674
10548
15632
11098
9573
14060
2191
6778
17897
5287
8929
17841
21639
2118
24443
10317
22901
6049
12164
10414
9176
6487
13172
6258
2091
10893
7835
23896
6715
10639
185
901
24635
5219
20601
15812
24999
18835
7620
19609
14841
3614
11213
11725
10012
8189
18889
4962
11096
21224
3263
10594
10625
1492
11202
2683
18739
1849
16488
13208
978
5421
15189
14803
10702
13128
17703
20036
8036
22397
183
2543
8761
12439
16313
23621
22656
22954
13085
504
11172
20739
18189
8610
2332
15438
23296
2381
19502
9698
14943
17146
3062
640
5018
3682
2832
528
352
1815
19926
11605
11668
14274
17603
24428
8086
11724
19080
14213
3683
17859
9349
20406
572
3988
12750
755
12893
17033
13768
16272
8812
16657
22086
1609
6821
19650
21764
11682
703
13121
14860
18663
21825
24139
13817
23295
565
23396
18562
417
23648
12877
4124
9723
14553
3162
18267
19980
10763
17441
11931
16837
5272
14635
20260
10522
11210
19265
7189
15338
15026
19325
18676
8091
6122
15064
3421
13137
12186
1538
23072
10917
19685
13636
17589
12775
21470
19642
24365
10380
7348
4454
20053
9366
22340
9986
19414
3222
13739
2276
1493
17140
12205
14866
7437
10599
11853
146
16568
3993
15735
22249
22837
69
7282
20632
12102
19581
16434
12464
10529
2484
6133
4278
5768
17652
20473
14021
6777
23323
21848
14451
24082
8407
9135
13649
9048
516
15949
7277
14252
513
24075
14009
20402
4336
12374
11460
7309
17229
9394
23478
2548
24241
15546
12095
24660
15166
17738
4080
5508
19000
6136
12792
21195
7666
4628
15713
1093
22626
14797
2709
13626
5195
20355
15806
4151
18747
9013
13701
16861
11378
17926
9099
15849
21325
20317
8220
20590
9943
11593
12918
13363
22616
22398
14384
247
20755
3750
6650
19799
21446
14822
20251
15795
18040
215
15719
10351
24984
3219
16543
7178
18877
16326
19306
22458
13851
1639
6673
11358
3659
17477
8740
4845
18610
21416
20149
3197
16479
15506
9740
22401
12965
13750
17370
16021
17136
3151
11947
20423
17414
6304
8342
11801
12914
2289
13584
16009
13421
6274
5796
1674
18698
6237
8199
16078
16966
1608
10809
10745
24591
8069
21995
8509
23901
20080
17282
13101
18975
2227
2405
8956
1837
24095
23673
19168
11754
8338
7330
1343
19940
11972
5582
16207
12690
18753
4583
24685
15218
14539
10561
15122
19230
3755
20345
20509
361
5567
248
2513
21580
6359
14338
21346
145
21806
12873
6691
9288
5046
9994
23918
18563
17082
8925
17951
24820
9583
4148
3585
2060
3639
20866
2730
6496
13892
8122
2392
14526
22762
4611
9177
16785
9206
10894
20126
24189
8058
4240
19135
18607
2567
14097
15989
8078
24224
2313
4361
820
15389
7743
14432
8799
9531
1853
18239
6975
24113
24486
2805
5145
10653
12054
9431
6228
5301
