13473
12674
20884
24278
19177
589
11403
23586
1142
14613
14122
10004
2323
801
7775
18643
21166
18142
6993
18572
19218
17077
13902
10434
5017
12835
530
21834
19526
7166
16753
902
22794
22439
13413
8192
5409
24769
12117
22152
9307
8073
17733
12180
16560
8796
17237
8983
12455
11707
3071
1471
13820
23683
12506
23731
24091
3727
7061
8456
3911
1840
3660
15409
14525
20520
13191
17161
28
3231
18787
13035
5569
4172
3747
11205
7999
15619
3291
17959
16091
24704
9722
18640
22324
1730
14061
14703
8640
17501
14849
5637
23849
18765
7450
23663
20066
5690
8781
22317
23698
19923
19700
16177
22192
8724
16089
14908
15041
1346
13237
1245
5745
5497
7080
7584
4527
8813
5457
19042
22062
6612
15635
22927
8412
13419
24450
10307
9181
3839
4132
17579
19672
7199
3942
18760
8732
5552
21986
15127
480
17182
21001
23417
11267
10908
7063
4861
14781
6375
14273
16495
15140
13789
7457
21221
7936
24318
12396
8376
6155
22269
2745
7477
15267
21248
24214
9591
22839
15938
14405
11525
16187
12056
10944
13239
5832
1275
2596
6027
7705
8351
15936
3109
5035
17353
5566
17565
11958
19831
225
4244
7812
684
11220
24884
6404
2169
296
6205
14023
2117
8993
24801
24323
9692
22471
13153
2862
17619
14953
12409
22841
5205
5910
9023
2695
22557
18025
18206
9556
20487
10268
3650
21352
2338
8519
12823
6951
16405
22622
15206
10256
7048
2867
7473
16924
16736
5720
10375
12895
21627
19891
6582
11178
6587
11002
9736
19512
16712
23875
22631
16262
9801
3438
10148
23685
19427
22000
6918
20997
5869
2681
21263
5824
5152
19161
18865
1128
18752
4139
12526
910
24208
10361
17318
17317
16297
18871
6804
11066
13478
11119
3107
21696
12645
44
17246
12563
11982
4219
13432
12628
13818
2082
11817
15923
16245
12
24523
10771
7566
1998
17590
16935
2369
5500
1896
3939
1364
16743
4324
22041
9003
3166
9457
7613
18397
22319
18829
10531
15527
12625
9913
3411
2297
7026
20151
6969
3686
8998
23272
1328
5392
8577
11715
5656
23993
11505
4951
9775
11973
23880
1489
21751
5918
15289
21105
4739
14721
19808
19792
8375
11663
16720
12557
21258
5133
24249
11425
10525
24059
14462
22391
17357
10637
14198
20409
1304
1450
12624
14087
4697
4551
2640
14890
10598
17344
10079
20819
8325
11377
3322
8112
12685
9840
15179
21607
2037
11434
11303
22613
14669
23782
20025
23448
9100
20656
4529
7656
24804
9057
8037
2329
6091
5492
16500
6677
14831
333
1054
6167
8948
18485
9989
24682
17604
12653
21082
21294
23784
22943
13720
18692
21231
7196
8957
6132
19511
1908
21904
22490
16904
12341
995
21517
844
24391
7608
7162
2934
6547
3051
21541
3714
23920
7996
11439
5838
23523
10104
16911
13960
3430
24881
14845
20568
6758
13431
19390
4687
13263
5204
20403
12727
6926
12429
10818
16573
4331
17204
10027
9540
23175
19401
21212
21304
7873
4646
8982
3453
15357
19247
15022
19150
17728
1248
3444
21941
6558
3309
19334
13242
12206
21267
16596
2441
34
6775
15973
24002
21676
13160
20894
19021
9280
16633
23058
15992
2963
7504
18372
14744
9770
11672
24544
3181
24003
24627
18639
12344
12808
16362
3407
12107
10603
11705
19357
13814
9392
975
1857
15315
6505
20779
24787
51
10587
24929
193
5155
20330
9344
14070
2266
5495
15316
2210
20190
8801
16382
15877
3385
6272
12728
20664
19483
3418
8444
18561
21232
21591
6138
16218
13178
20814
6687
23186
14682
13773
16845
21833
5212
13443
19810
21219
21773
22419
24570
14124
2948
24256
15276
7940
15663
22313
1287
15294
12208
22938
7569
21192
20243
19872
20035
22619
5534
16054
19449
231
19682
21678
14341
13360
8409
2161
6369
20636
3889
10056
24063
7350
489
5577
8535
5688
13907
22773
14793
19507
15119
449
822
1042
10249
10155
12707
218
5206
9004
17944
23106
5610
24339
4519
16446
7474
4858
22770
12616
17671
3580
1355
16001
23505
8207
5113
21051
4819
1211
14478
7581
15919
14810
15043
2507
6509
14057
19723
11544
16487
7874
22525
101
11360
2833
12082
13943
15658
5174
13531
12605
4950
12663
1701
17376
7347
2175
6234
15484
6981
17081
8206
8240
1319
5520
5528
9565
24970
22014
19407
10374
21374
22089
24053
11108
24467
990
8786
16671
15392
23061
18369
6850
16209
20621
21911
7020
4882
4413
15009
2212
13198
23392
3196
2401
6087
4734
2282
1569
17416
11049
8232
14204
4586
12378
14842
3388
14427
22987
11250
4169
1005
13072
12223
3195
24213
11442
1530
4708
2438
8019
15243
11710
8116
1752
1565
11522
204
4420
17481
17243
9375
13576
12834
7120
17440
14311
8612
13929
13968
13275
1112
62
16150
23162
7109
7549
11179
7843
93
24047
17744
9862
9298
4682
2694
18858
15814
22206
2361
21980
21039
15235
24689
23031
10000
7268
3347
10302
10350
4717
19079
13488
5917
17656
6607
17856
9515
7661
1860
8205
16805
17423
23353
2295
19676
22792
12039
23440
23328
16365
4912
18624
23761
7629
848
2816
12543
4253
5389
14448
19231
2114
23091
21818
6461
22758
10791
16864
3789
6760
8382
9505
3592
7204
2766
10932
1505
3286
4010
18803
22215
12268
18472
7392
5468
14969
4047
13883
5419
20586
14931
22445
17730
21793
1491
22314
19256
5330
18769
10369
12110
9621
13252
21383
12684
8876
17592
18527
6675
11273
11214
11170
21419
18696
243
1499
14880
24577
16467
19671
21742
16946
8000
17075
13449
13659
22774
2955
2457
14599
3621
5055
21811
15061
13164
17212
5177
11198
16967
6174
9470
24485
1532
4091
339
20198
10855
20332
4136
13717
4407
338
14440
10983
310
13712
1312
5499
4246
20800
17273
16208
9946
11820
21948
3964
12659
15019
5865
1259
24120
16622
3365
12554
24276
20692
1458
7343
14134
3232
3242
13940
14046
8319
5702
3238
20356
22859
1171
1593
22694
15172
19664
24222
24791
9717
7849
21112
10632
2880
20707
23531
21461
12297
4427
16938
21145
2793
5600
21770
7464
11132
3069
15521
2214
8481
3198
3355
16025
24321
23406
680
10378
20671
13338
22056
18110
5716
12662
10926
124
20538
5891
1181
7418
17127
2301
10827
11816
1590
24431
11675
21610
8173
5809
10121
22777
13627
1036
19095
16942
1151
18376
9823
10170
10695
6215
17431
17862
282
20887
23769
3293
18150
21280
17034
3273
18551
14809
8252
20232
17484
15178
9523
508
6984
13118
2784
8779
20995
17478
16468
9233
24040
656
15937
15298
16165
23063
20745
11019
3241
2615
21459
17556
300
13759
22077
13000
18067
4282
19537
2746
2909
3361
21719
15079
23
10410
24111
4599
14745
16378
11080
9763
13296
1315
16933
18271
9737
12398
19794
5316
23927
15466
14712
24351
5496
19269
15791
24753
11814
66
14824
6041
7993
9190
1410
11018
23932
12370
10035
10294
742
22502
9252
14161
17880
17662
10941
3730
19358
8144
24115
5222
17954
5461
22920
22878
11234
21565
20052
3300
1950
15200
18026
15309
17896
24579
12799
6845
16982
7576
5679
16360
19797
8197
7391
21902
24730
4129
24867
17435
4985
13767
7066
17106
15767
7248
5839
16445
11014
17381
9487
23632
14004
20727
6925
1428
2779
21880
14582
10999
15387
14249
11329
4299
1587
13600
4066
21686
18849
8769
19595
20618
24800
14074
23687
2005
12403
5480
4526
9348
18815
24633
12665
790
24565
15790
10175
14303
19895
123
17701
15044
2063
24931
503
21247
21758
1010
4867
5753
19281
16206
19900
768
5692
12579
16019
20697
6905
14436
12773
24556
16912
12101
20822
21429
14870
17922
22660
16569
836
23915
23641
6635
15334
21813
1518
19665
4143
22287
15899
10391
17909
4686
22537
3494
6107
18446
7404
13017
6363
12725
11990
6510
4225
12924
13059
22214
8355
17566
18687
7949
1563
15163
4260
18365
20774
7603
12982
10972
23897
5474
1573
14481
19389
13168
8514
1469
8110
6797
8259
23800
6196
7413
7200
18182
12990
6178
17256
772
208
21885
7304
14675
3537
4718
14726
12691
19101
22230
15107
4243
8963
18671
9896
22232
22069
3785
10548
7835
901
10012
18889
21224
5421
17703
8036
22656
11172
8610
2381
19502
1815
572
755
16657
21825
12877
9723
17441
20260
10522
18676
23072
19685
17589
10380
22837
7282
4278
9048
11460
23478
2548
5195
15806
13701
18040
15719
6673
20149
3197
2289
1674
20080
2227
12690
15122
17082
4148
3639
20866
2392
4240
18607
2567
2313
14432
