8173
12691
7392
22859
12506
16468
7549
1346
12370
1312
4407
3196
1036
15276
44
18889
21911
11816
11170
14405
15923
3197
17619
19792
480
15791
12208
6205
23106
15814
2779
14122
4861
24256
11119
12
901
13432
8982
13449
19671
10855
13017
1752
15937
18692
18760
4951
21751
2955
20190
7874
12728
12396
23687
11439
5480
17344
20332
10027
11329
10378
10121
22314
20066
13720
23880
6363
680
7936
7268
6797
12624
24063
16362
14124
21267
24570
6107
10637
3939
9523
19357
19502
2282
13531
17423
8375
8412
2596
17246
22656
16982
2082
2381
1590
8019
18624
20671
8640
17744
15658
8801
15235
3198
23031
4169
4219
12645
18472
4718
24753
16805
19161
20151
4739
8769
8456
21517
208
7608
21811
6984
19247
18026
20621
5392
5692
6905
22056
17416
17728
5204
22089
17273
4529
13940
15315
6969
11019
22319
3241
18640
3839
19079
2323
13252
11525
2161
4225
20997
8206
21145
10522
12690
16150
1328
12557
21986
11377
12628
17662
17922
17182
15392
1211
23186
15127
22660
2615
21352
21833
10361
9913
12727
333
2297
16967
24523
8382
13263
8444
10972
11250
3639
3347
4586
13883
22773
23531
9770
7474
4708
339
9515
10249
17440
10818
15527
11360
23328
7020
17954
21742
22152
16753
19891
16569
19685
8732
16743
19797
21192
3309
5753
1674
17082
21686
24278
1245
24047
20618
21419
17478
5055
2063
10598
12707
3430
3293
3166
7162
3051
742
18829
5330
14134
589
23698
21231
21813
14046
19358
4136
12823
4240
23061
9190
21219
13191
20727
2114
12409
15790
23063
3621
15877
2793
836
5419
1112
17127
23915
17909
1469
508
24208
22774
14462
20884
11403
4324
3385
2361
6673
9023
16845
21834
3300
772
19095
5206
5222
16209
23685
12835
5656
8983
16089
14721
23731
12663
5205
22062
8232
8535
5569
7581
231
8796
5809
3407
11049
6087
10369
6505
6926
15484
15387
19281
3911
23849
7576
11220
11066
11425
18639
2175
18446
15936
13237
1458
20692
24323
4867
13820
5495
6461
11710
16206
17944
3109
5552
12039
16091
14161
7248
20330
14793
3453
21248
19512
1896
3355
9004
8577
5690
4260
3361
19700
5600
24577
16912
24633
22287
1998
5839
22920
2037
7473
24931
7849
2369
5716
9252
16712
19900
15172
13035
7450
4243
22439
13338
5838
23920
2392
3069
18527
15619
22324
23761
9722
6758
5389
3238
844
23505
9375
19269
6091
24565
17703
21280
22192
10056
14440
9298
3660
13478
22215
5720
3650
10908
8514
4551
5457
14809
23875
8036
14613
23523
10148
19872
11434
20800
6041
3418
4687
18687
11267
21676
15163
193
1275
11172
990
21039
19665
14969
9048
20866
23586
2401
13943
24351
5133
3686
6174
15298
16165
22000
16378
4697
5891
2289
21001
10603
2784
1505
21461
15107
2934
1857
24276
8519
11214
6951
20822
22841
17959
14781
13929
12605
21459
1532
12834
7199
8252
14831
4278
23058
18271
19021
2214
21105
15179
13473
10525
14675
21212
4299
7418
12662
4427
9946
13488
16187
10104
13419
848
975
23392
14849
1815
8351
3286
9989
22631
3231
17579
10771
14931
7026
10380
1151
15973
5468
17357
16596
14481
11505
22943
15267
19526
3181
684
23440
10827
15938
5499
15919
12056
24627
12101
5177
19334
4172
4129
15294
20538
14057
2867
1005
5910
2745
19672
14726
7343
11234
17353
8073
21374
15041
12117
14682
13759
9487
5421
15022
16573
5017
572
21383
12297
790
14198
9280
503
8112
12223
4734
20697
24881
5824
11132
10256
3714
23448
22694
5832
6993
17701
300
11973
18696
22619
1840
910
15044
7200
18871
14870
24053
1304
17566
5409
3195
12579
22525
18067
17034
2210
5496
24970
1530
4244
20568
17592
23782
17376
13968
13701
14427
21294
14890
8948
3747
7304
13059
24002
21818
24884
13907
7080
12653
21678
8409
7835
17501
4047
656
10548
13576
6775
16933
21224
23927
19794
10004
9100
16938
20664
17733
18803
9591
17604
21773
3592
18865
15178
8957
19407
2266
23800
1701
22014
2301
1010
20586
7282
8376
15061
9723
19427
19537
11715
18182
18643
24544
3411
11179
20636
21247
24867
5702
4091
10268
6027
17484
22317
2766
14311
12808
13275
13902
21258
13072
6845
7603
7350
1428
9775
22490
21610
22557
13717
24801
11018
20260
10941
18765
22232
28
10175
21696
24467
1730
995
6635
13789
11205
20707
18815
2313
10302
2948
7996
6850
11958
12526
4066
8000
16924
3444
8610
18561
8813
4858
23641
8205
17481
14744
24339
22777
14004
20198
15899
24450
10350
16864
4527
23175
2438
19389
1171
3727
13360
10000
3789
19042
6509
7993
5174
8724
16446
1450
1128
2507
4253
12554
19231
12684
17237
24800
10926
243
9862
19177
11675
21263
9737
7404
21541
24431
10932
24556
16935
14745
9003
6375
19810
3071
10410
14842
9505
17204
21770
14810
7656
18372
10531
18572
1319
8192
9470
22758
21429
6677
4246
10587
8612
4282
6587
24689
6558
7457
2880
22445
10155
5520
13773
18671
18142
10307
3964
16025
11460
225
124
17589
6369
7705
7566
2441
14074
17435
18607
24003
23
21304
24318
21166
4599
15316
19723
22878
17431
4985
21112
6178
3107
17856
2338
530
24391
17441
16405
24769
4420
24040
4331
14249
5195
9565
22214
12616
12403
21902
4148
1860
6155
24791
14448
6925
1499
338
15140
11990
2963
13767
16177
1287
768
23683
16495
2329
13153
3537
21565
1142
18376
13000
13960
9801
13164
19895
16467
21885
1042
5918
18849
2681
14273
9540
17671
2227
17256
16382
12659
21941
1518
7063
8037
19664
7413
11544
20403
5566
7066
3889
23417
17243
24321
2169
16946
6804
13818
22537
24804
15635
8993
7204
11002
2567
12990
11014
12685
17730
18206
3580
12674
5745
8786
22069
1593
21758
15334
6547
16360
101
12725
18397
4819
4413
7464
218
5610
23072
1563
17656
8207
16942
19483
17081
22419
17880
4526
12107
22077
5155
123
204
18365
19150
23663
17862
16218
15243
9621
14599
13118
22471
14669
5917
6675
20656
7109
12924
3273
1355
489
10632
12378
8240
8781
23353
16500
13160
24111
17556
15019
22206
14023
3942
20745
9307
10695
22622
10079
12563
21082
22613
20243
21880
15466
21051
16445
12344
14525
7775
2005
2746
13242
20819
17565
62
2695
4717
9763
14880
23993
1569
11817
10170
8259
14845
7629
18752
1181
2117
22269
22987
9057
18369
17896
20814
282
18150
10294
9692
13413
4682
15992
18040
5637
17212
13178
2694
21627
801
9457
19682
21607
8963
24214
4010
19218
5113
17381
6760
1573
6138
18676
5528
9717
19831
15521
16671
7504
12398
19401
1491
11522
16262
17077
23478
19390
9348
17317
24222
12773
9840
2295
1489
7843
22837
4132
11273
20052
14703
8998
4686
12429
6612
9233
14824
24579
22230
18769
15200
