6366
3030
13473
24142
12674
17688
17628
20884
24278
7206
19177
589
16518
956
4048
5693
11403
23586
1989
1142
1624
10290
9508
21208
14613
2844
18673
22637
14122
10004
2323
8486
801
7032
7775
18643
8137
21166
18142
13341
6993
18572
19218
23566
12584
24421
3337
17077
13902
10434
19125
5017
12835
9714
3553
4410
530
19228
21834
19526
7166
20234
23753
12050
16753
9636
1774
902
22794
7967
20133
12290
22439
13413
22354
8129
8192
17906
11984
5409
8885
20222
12010
15250
24769
19493
12117
22496
22152
9307
8961
8073
17733
1157
23179
12180
20566
16560
6293
8796
17237
16705
8983
12455
11707
8203
4089
21129
3071
1471
22917
5646
13820
19651
4633
23683
460
12506
23731
21529
11574
10353
18032
21699
11887
24091
5128
8050
7139
20427
18693
3727
7061
8456
16228
3911
9630
8714
20915
16666
1840
3660
22573
15409
5013
24936
14525
20520
13471
13191
17161
28
14639
6246
3231
18787
10470
23642
13035
17678
6331
5569
4172
10058
3747
11205
3831
22058
7999
15619
3291
17959
16091
24704
6002
14131
19871
7290
24675
19346
9722
12227
16638
22290
13900
3299
18640
22324
4983
1730
14061
14703
14383
5022
9672
8640
17501
14849
17351
5637
23849
18765
20808
8973
7450
23663
20066
203
16419
6467
7555
8487
8607
5690
8781
22317
7017
23698
7627
19923
19700
1068
14157
16177
22192
9814
8724
9919
16089
17797
14908
6279
15041
1346
11538
13237
19298
1245
4308
6303
5745
5497
22466
7080
17340
7431
20505
7584
4527
11874
8813
20949
2148
5457
17509
19042
22062
6425
10918
19946
17129
6612
18213
18675
15635
19066
22927
8412
17877
13419
24450
12980
10307
9181
14769
13497
3839
14418
4132
11101
10228
18342
20587
17579
1074
22965
19672
7199
24641
3942
4919
20931
13086
5464
18760
8732
5552
21986
15127
480
17182
22662
19960
21001
4767
23417
4656
11267
12911
17557
21330
10908
7254
21559
7063
4861
19730
5550
14781
6375
14273
14295
16495
16309
3612
15140
13789
14501
7457
21221
7936
2894
24318
12396
8376
18162
18576
12097
6155
16350
19337
22269
2745
7477
15267
13885
13226
21248
24214
2349
9939
15969
2073
20030
9591
22839
10200
15938
14104
14405
11525
21784
5231
16187
23587
10741
18434
12056
6557
19563
10944
8912
13239
5832
22517
1275
2596
6027
7705
19754
24307
21158
8351
18170
15936
20790
3109
5035
11288
21814
17353
5566
17565
11958
19831
9995
225
4244
6317
7812
17449
16450
684
13949
11220
20129
18869
18257
24884
6404
8995
239
2169
296
22866
6205
4055
14023
2117
8993
24801
24323
9692
22471
13153
23108
2862
17619
3761
14953
2647
12939
12409
21547
16908
13508
12275
11642
9834
22841
10748
16769
5205
11531
5910
9023
2695
22557
18025
9579
4275
10839
13182
18356
18206
18536
12280
19359
9556
20487
10268
3650
21352
2338
16607
8519
12823
23978
6951
18719
16405
17735
16956
21622
17375
22622
13736
15206
20889
10777
10256
1584
7048
8107
2867
7473
16924
16736
4289
5720
10375
19979
3211
18793
12895
21627
6266
19891
6582
19296
11178
6587
11002
2163
3575
9736
19512
17532
16712
18816
6072
23875
19274
17202
4106
19565
18055
22631
14049
16262
9801
3438
20689
10148
23685
19427
7155
13835
22000
2892
19188
6918
6773
20997
8089
5869
2681
11127
21263
5824
154
3029
5152
14974
10362
19161
2572
13724
18865
14879
22181
6667
1128
18752
16979
4139
12526
1623
17195
17940
910
24208
10361
17318
17317
16297
11905
18871
2929
7321
6804
11066
15327
23241
15692
13478
11119
3107
21696
12971
12645
44
24455
6838
18819
17246
18623
12563
11982
4219
13432
12628
244
5416
12713
13818
2082
11817
15923
16245
12
4670
24523
20678
18436
4887
9120
22280
10771
7566
1998
17590
24257
16935
20144
21480
18048
23336
2369
2624
3097
5500
1896
3939
1364
20686
7790
16743
4324
3499
22041
9003
22929
5568
3166
9457
7878
4534
7613
8979
18397
22319
18894
23342
18829
10531
15527
12625
9913
8093
3411
2297
20977
4713
9686
9947
7026
20151
6969
12682
5016
3686
20298
8998
22882
23272
23384
1328
5392
9931
8577
7643
11715
10299
5656
2156
4087
23993
11505
4951
9775
11973
8128
24585
23880
21063
1489
21751
5918
14378
19528
12225
16161
20968
15289
21105
4739
14721
19808
595
19792
8375
15551
15600
8971
11663
11246
16720
16783
12557
21258
5133
24652
6976
7831
12036
24249
1656
11425
6003
1197
1893
10525
24059
7822
13484
16196
14462
22391
5295
17357
21721
8035
23471
10637
14198
20409
1304
1450
12624
1707
14087
15285
16205
4697
4551
2640
8927
14890
10598
17344
6165
7370
9435
15394
4496
10079
11904
24557
20819
8767
8325
11377
3322
8112
12685
9840
15179
3551
8944
21607
15643
12821
817
2037
11434
12947
11303
22613
21820
14669
6239
323
23782
20025
1167
23448
9100
1898
5339
20656
16305
5156
15405
21962
4529
7656
24804
10229
9057
21016
8037
21907
9968
23635
2329
6091
5492
16500
6677
19495
14831
15246
17864
3050
333
2712
1054
7863
8737
13461
6167
6387
8948
6384
6142
21901
14646
18485
2024
19447
9989
24682
24119
8588
8878
14497
17604
12653
21082
24805
21294
23784
3518
284
22943
13720
20481
17888
24553
12460
18692
1946
17066
17550
21231
7196
22335
5622
8957
6132
15101
19511
7425
10772
1908
20067
21904
22490
10708
16815
16904
19236
12341
5968
5546
995
7003
5553
21517
17576
844
1188
24391
7608
7162
2934
6547
11428
3051
21541
12511
15924
3714
23920
3048
20703
22481
7711
7996
4431
16455
102
16550
11439
635
5838
22134
23523
10104
16911
13960
22899
3430
11330
18284
24881
2680
14845
20568
14522
6758
9504
13431
21268
21705
22686
19390
6846
4687
15245
13263
5204
16453
20403
12727
6028
6926
6872
2377
12429
10818
16573
4331
17204
10027
9540
23175
20306
19401
21212
21304
7873
4646
8982
3453
15357
19247
15022
19150
17728
1248
3444
21941
894
7407
8606
14654
6558
19853
3309
19334
13242
12206
9002
21267
16596
2441
22740
34
6775
23294
22953
15973
3183
12448
3711
24002
13656
21676
13160
20894
19021
20610
14324
22332
9280
9391
16633
1131
23712
23058
20956
15992
24387
2963
7504
18372
14744
18910
9770
11672
6134
24544
23048
13502
3400
3181
8292
24003
18801
24627
16669
18639
12344
13323
12808
16362
18841
2974
4304
6859
2533
5976
7951
7311
3407
12107
22451
10892
10603
1177
11705
19357
13814
2707
14634
3699
5030
9392
23312
21926
975
12594
1857
702
14237
15315
6505
20779
14280
15185
4111
2106
11940
9901
24787
51
3981
10587
24929
9842
2272
19916
193
5155
20330
6751
9344
14070
2266
14356
6061
5495
15316
24205
5907
2210
18649
20190
8801
2139
16202
5180
16382
15877
12977
5462
3385
6272
3049
12728
16862
4729
20664
4161
19483
24366
3418
8444
22972
19823
3249
18561
21232
722
21591
16885
6138
16218
15747
13178
14081
19002
20814
6687
1669
14789
23186
1239
20885
13956
14682
13773
16845
21833
5212
23929
13443
19810
13211
21219
21773
22419
24570
14124
2948
24256
15276
3434
19119
7940
13694
11083
15641
13354
24514
15663
13740
1943
23779
8396
2393
23677
20649
22313
1287
15294
8752
12208
22938
7569
21192
20243
19872
1572
23093
20035
15761
22619
10487
5534
16054
19449
9060
14214
231
19682
12246
1352
21678
2995
14341
13360
8409
2161
6369
3186
4671
15874
20636
2178
1495
8458
23347
24541
2969
5983
19620
3889
16081
13056
2360
18475
1754
21011
7960
6796
21308
11124
10056
24063
24832
1613
7350
8504
4876
14286
20120
489
5577
22404
17159
2983
4104
14033
19130
8535
5688
12487
13907
22773
14793
23979
19507
9072
15119
8158
4249
13476
449
1954
23136
13422
22749
19583
822
22790
18570
1042
17773
10249
10155
12707
218
5206
9004
23126
7060
17944
11897
24770
23106
5610
19175
663
22179
13179
20169
24339
5936
4777
9362
8499
4519
16446
7474
3765
4858
24384
16836
4156
22770
20557
12616
17671
3580
18898
1355
10277
22575
1098
16001
14278
23505
23318
8207
5113
21051
4819
13537
23374
1211
14478
622
1402
21972
7581
23865
15919
14810
22821
15043
2507
6509
16830
9464
14057
19723
12942
11544
2655
16487
7874
8343
22525
101
11360
3052
2833
12082
16194
13943
15658
5174
13531
12605
5357
4950
12663
13572
1701
3788
17376
23483
7347
2175
6234
15484
24360
6981
17081
13580
8206
15586
8240
1319
5520
129
5528
16324
17234
13617
9565
24970
22014
13550
15054
14115
12438
19407
144
14420
22394
6048
22325
10374
21374
22089
24374
24053
3957
11108
24467
23831
990
723
8786
2808
16671
15392
5234
14837
10779
7424
13635
23061
562
18369
6850
16045
16209
17968
20621
21911
7020
15074
4882
21582
4413
15009
12534
2212
4847
13198
23392
23952
3196
2401
21124
6087
933
4734
2282
1569
17416
11049
7462
24046
15819
15197
8232
14204
4586
12378
16212
14842
18193
3388
6418
14427
22987
11250
4169
1005
13072
12223
9967
3195
13988
10673
7378
24213
11442
14998
22985
6997
24342
1530
23451
4708
2438
8019
16402
15243
11710
14480
8116
12163
5863
20762
8364
6512
15204
15486
12833
9852
24377
16230
1752
21994
1565
11522
12301
204
4420
17481
13353
9518
6686
4212
2238
17243
7287
9375
4252
13576
10194
13236
12834
21389
22782
7120
17440
14311
8612
13929
13968
15829
7683
13275
1112
62
16150
5934
23162
17924
7109
11553
7549
3427
11179
7843
93
15803
24047
1401
17744
14297
9862
18870
9298
668
4682
12257
17611
2694
18858
18615
15814
6151
22206
2361
21980
23808
1429
21039
15235
3039
24689
21367
4960
1290
23031
10000
23839
7268
2505
3347
10302
10350
4717
7847
19777
19079
15524
22959
15066
18421
13488
5917
26
17656
6607
17856
13834
9515
4958
7661
6576
1860
12144
8205
15553
22778
1731
18653
7024
16805
17423
23353
2295
19676
23356
22792
12039
9368
23440
23174
2525
23328
5632
16365
24797
5469
10977
4912
18266
2931
24817
24287
172
8717
18624
23761
7629
848
23718
3004
2816
8005
12543
4253
12609
5389
14448
19231
2114
23091
21818
827
2882
6461
12507
22772
19245
21866
22758
10791
16864
24513
3789
23997
11321
6760
8382
9602
23110
9505
10243
3592
7204
10825
10108
2766
18113
10932
558
14914
1505
3286
4010
15694
18803
22215
15893
12523
8651
12268
6656
18472
22331
7392
8772
886
5468
14969
4047
13883
5419
20586
14931
22445
17730
21793
4461
1491
12504
4481
1626
22314
7658
4411
10588
19256
14370
5330
23543
18769
10369
12110
9621
13252
19780
19657
21383
7691
2801
10015
18215
7968
12684
8876
17592
19068
18527
6675
18826
11273
11214
11170
20681
21419
1891
14559
4347
118
18696
20832
16801
4842
21638
243
1499
14880
12059
24577
16467
10835
21430
10183
19671
21742
5812
18611
4857
18932
3853
16946
8000
17075
13449
13659
3757
2086
22774
2955
24026
2457
9533
18378
14599
16773
23141
20368
3621
18521
5055
21811
15061
11997
13164
17212
11115
5177
11198
19279
16967
8807
6174
23644
9659
9470
20791
24485
1532
15682
10212
4091
15507
3728
339
21861
20198
16858
10855
18176
7093
20332
2449
17731
17692
8275
22602
4136
13717
4407
338
14440
3012
10983
16827
310
10716
13712
1665
1312
5499
20181
12032
4246
3980
20800
17273
16208
9946
11820
1123
9495
11979
19667
21948
6606
3964
12659
21363
18761
15019
13404
5865
20397
1259
24120
13911
8826
7015
21344
16622
3365
12554
24276
19114
784
3520
21577
20692
1458
12798
6338
7343
7403
14134
21060
4585
11365
14898
24882
3232
3242
13940
14046
8319
5702
3238
20356
22859
1171
976
2097
24221
1593
599
16214
22694
15172
19664
24222
1058
24791
21168
9717
7849
21112
10632
2880
22570
20707
21976
23531
21461
10792
18133
13512
12297
4427
17993
16938
17490
21145
2793
14531
178
5600
24789
21770
20890
7464
9777
11132
3069
15521
3834
2214
8481
3198
23008
22260
23793
3355
10477
16025
24321
23406
680
10378
20671
23935
20527
13338
22056
1897
18110
5716
12662
5881
10806
8749
1432
10687
759
10926
124
8579
20538
19543
1296
5891
1181
17549
23071
7418
11073
17127
22645
2301
10827
22380
9297
11602
18823
2506
18990
24076
11816
21894
16949
17653
1590
17457
24431
16540
11675
19994
21610
19116
8173
5809
16017
22315
10121
14813
22777
13627
1036
11458
19184
19095
23411
2174
16942
13146
1151
18376
17505
6017
9985
9823
10170
7038
22092
16005
10695
14857
6215
17431
17862
21353
3666
282
20887
18711
5293
23769
9486
10263
3293
18150
21280
17034
19773
3273
12423
18551
17465
14809
2150
8252
9049
20232
22228
17484
15178
22923
9523
612
508
6984
13118
14966
19592
2784
8779
20995
6718
17478
16468
16239
20659
20045
23763
20941
9233
24040
656
24385
15937
6439
15298
16165
23063
10154
11849
20745
5615
23474
11019
23128
8609
3369
6520
3210
3241
2615
21459
550
17556
6882
300
13759
22077
21621
17917
1717
13000
5545
4462
19681
19913
24093
18067
4282
6646
19537
2746
2909
3361
2870
21719
15079
23
10410
24111
4599
19968
11770
14745
7939
16378
20286
20241
17779
454
11080
22737
22674
12156
9763
24955
13296
1315
4188
19342
16933
22615
18271
1173
9737
19160
6681
2132
12398
19794
2011
3848
21752
24967
5120
5316
16606
23927
15466
8760
14712
24351
5496
21884
19269
6842
15791
24753
11814
66
14824
6041
16095
7993
16644
19753
8839
9190
1410
11018
23932
12346
12370
12861
10035
6238
19287
13592
17350
2041
7869
10294
742
22502
6394
9252
2447
14161
17880
17662
20825
18427
10941
19728
3730
19358
15804
8144
24115
5222
17954
15655
11389
5461
22920
22878
20574
17099
2475
11234
5729
6795
21565
6530
20052
4995
3300
1950
15200
18026
15309
19552
17896
24579
12799
6845
24616
19939
18847
6353
16982
7576
9320
5679
16360
10514
421
19797
8197
22713
17496
1302
7391
8223
4184
5148
18915
21902
16732
22620
24730
22468
4129
24867
11372
17435
14028
21019
4985
23145
13767
7066
17106
11217
15767
7248
11427
5839
24947
16445
3626
11014
17381
9487
23632
10592
12245
14004
20727
6925
1428
7917
2779
21880
14582
10999
15387
14249
6810
23413
11329
12667
4299
1587
13600
4066
7091
1880
21686
18849
8769
19595
20618
24800
6992
22417
14074
10040
2013
15515
23687
4595
1378
16860
4186
2005
325
12403
5480
16653
7018
4526
9348
18815
8621
659
24633
16761
12665
7057
790
22810
24565
15790
21046
10175
14303
19895
123
17701
15044
24178
3695
3820
2063
15237
1868
24504
24931
503
21247
10896
20823
21758
1010
7861
4867
3800
5753
19281
3422
16206
19900
9700
768
24154
17919
6332
12483
5692
22522
7460
12579
16019
20697
6905
8437
4223
14436
16763
12773
3883
2111
21647
14468
24556
13510
16912
12101
9993
20822
21429
22440
10502
14870
1895
17922
22660
8922
1835
10124
14308
16569
836
7965
20290
14435
19805
8774
23915
23641
6635
15334
21813
1518
19665
21249
18665
4143
1570
22287
10373
23578
10793
15899
10391
5652
17909
12642
22273
9259
17826
20737
4686
22537
3494
6107
18446
13458
4832
14735
7404
5921
13017
6363
15837
12725
13294
11990
6510
4225
12924
24069
11733
10117
13059
15593
20482
22214
8355
11549
17566
18687
19014
7949
5320
4302
1892
22988
16779
6313
24666
1883
10611
6249
14302
21510
19817
14193
1563
15163
3548
4260
11543
10936
8466
18365
8792
20774
7603
18583
2477
12982
10972
23897
19894
5474
18297
11556
1879
20891
1573
10363
7623
14481
19389
1523
13168
12210
8514
1469
4570
175
8110
22546
6797
8259
24192
23800
6196
3288
10589
3739
22873
10171
7413
18417
4241
2387
7200
18182
12990
12263
6178
17256
772
17687
7879
24861
9624
23799
208
21885
7304
2486
6092
14675
3566
19374
23702
3537
4718
14726
11731
13746
12691
19101
22230
17098
1997
15107
4243
8963
24602
18325
18671
9896
18212
22232
20893
22177
22069
6921
11519
3785
24379
15368
10548
2091
7835
901
24635
15812
11725
10012
8189
18889
21224
5421
17703
8036
16313
22656
13085
11172
18189
8610
23296
2381
19502
17146
1815
14274
17859
20406
572
12750
755
8812
16657
21764
21825
12877
9723
14553
10763
17441
11931
20260
10522
15338
18676
8091
23072
19685
17589
10380
146
22249
22837
69
7282
20632
4278
9048
14252
11460
23478
2548
17738
19000
2709
5195
15806
13701
21325
20590
14822
15795
18040
15719
3219
16326
6673
17477
4845
18610
20149
3197
9740
13750
16021
3151
2289
5796
1674
6237
8199
20080
2227
1837
11972
12690
18753
4583
24685
15122
19230
20345
145
6691
17082
9583
4148
3639
20866
2730
8122
2392
14526
8058
4240
19135
18607
2567
15989
2313
7743
14432
18239
9431
