9023
13160
19389
3273
12511
16446
13600
3232
13072
9621
21591
1565
20030
16419
23048
8292
11049
17099
19228
14931
11132
20832
17797
16209
16245
10792
23448
8158
9896
12297
7967
23106
9770
19583
22380
9947
15022
21610
17738
8112
23336
14599
2150
11101
3411
13512
7347
16467
8093
1123
4225
10748
16712
8192
23839
20689
7378
24387
22404
5206
19507
7873
7048
9515
20632
6151
9834
18026
18182
3831
19526
17590
19188
10434
18711
22778
2533
13902
10027
15315
8963
20762
18521
2844
4697
24791
12798
8577
12579
21784
17944
1880
19681
13968
12707
12483
1177
10818
5745
19401
24455
7120
7661
16933
15804
9939
21510
8651
2097
22134
10926
14462
24577
21039
20151
8839
204
15200
12663
21461
3388
21263
5030
6196
18271
24513
5652
5316
23
10243
10249
21699
24881
22619
2369
18869
23128
2289
22686
19891
1259
2745
16779
480
1054
14890
12554
16949
21976
22325
19700
101
18649
9579
23347
24769
8504
5500
22927
5295
4919
2024
23808
4055
16956
1717
1997
14274
12799
10763
9686
21811
23578
7477
4260
19135
7018
4132
4161
19279
7304
3151
1989
16935
23342
7015
22774
6363
11321
7060
7917
5204
9862
14087
11115
3621
9775
13422
23110
2449
20814
19923
4670
22943
990
21001
12835
14745
7940
2114
4858
15267
11014
7287
21904
12625
20697
2139
15235
2948
1898
14793
15246
12662
14383
6002
10477
5339
17592
7965
11214
5392
7139
19337
11816
20659
17256
16001
11267
4534
18170
13576
14481
21419
7290
2862
12895
22290
2210
2175
13900
6687
1563
23793
6167
231
2132
19916
599
5720
16596
1319
19528
14735
16860
10079
20671
21742
16573
23731
19667
16862
18342
17919
6272
19913
22873
15806
4278
5055
11602
18434
17423
14824
4139
15243
12750
4413
22468
8973
19002
11675
11574
17579
13478
17744
4091
1665
4985
13497
3957
22062
11525
5330
4585
18436
16845
23644
3499
16805
22502
18561
19672
15237
9700
3537
16885
22471
6520
16230
3242
4172
9636
11770
7196
17075
6418
15285
15009
123
14908
21577
22740
16671
20332
22215
21367
4570
3494
14497
9004
22517
7951
16858
24342
21986
15923
4842
6165
8796
2266
20621
20067
20409
5180
22985
2892
20774
22972
21124
7878
4223
3299
2882
21389
1943
11672
172
21994
15387
9763
23875
17566
18212
2833
22758
11372
22280
4104
24208
28
12659
21158
2238
21721
19483
8807
11549
21208
13035
14302
15101
17773
2894
102
22821
24635
282
5910
14822
7658
12107
13431
18894
15178
9470
10908
15969
18865
2295
23478
24797
11544
22260
4656
7199
15289
12911
22041
20574
16550
2615
8396
1432
6461
1518
13323
17350
17182
23718
23523
13773
19068
17081
3181
956
12341
8259
16500
10983
4106
1410
6404
23186
21559
20241
3293
5495
16633
12082
24351
8351
22770
5600
1131
8801
14341
8957
5577
21082
18675
21972
10175
1128
6205
14157
14104
15553
21247
24278
12032
7960
3444
19730
3309
24565
4767
17619
4729
8203
19753
3757
10353
11979
11725
4960
4169
23683
24616
3699
21363
10171
18610
24467
14480
11715
5320
12628
11428
7462
10277
8173
22777
16324
21016
7576
21902
20149
8922
13017
9181
12290
14074
19831
6838
23761
21880
11178
24026
659
9583
24666
13056
3196
23663
23471
7155
22230
5702
6027
24115
19665
421
3109
17351
23312
13432
16262
20893
14953
203
19979
23072
5156
10936
11733
4252
15250
13296
9297
1624
15989
6092
5474
10391
12206
24391
3385
118
7949
2934
5113
6353
21621
18475
24556
9556
18915
11984
17589
14237
5838
21647
124
12642
24307
836
5469
12036
15524
1489
10040
23417
6467
17127
20345
218
7162
338
1532
129
17098
14703
4734
8107
18284
14418
13656
20636
11360
11066
20610
17246
20557
2567
13085
5656
10941
21231
22557
20243
8091
11080
8774
562
23411
18760
11982
15694
11731
15761
21825
23108
8089
1857
7843
4299
20035
7061
12834
7847
2955
14870
3286
12526
2392
3788
15334
6804
2073
8073
6925
22938
4876
16081
14478
14721
3739
24214
12110
2870
13940
23929
8116
2525
4243
3566
22713
18356
3430
15874
17273
21166
9002
11556
15973
4912
13341
22056
15619
1304
22837
24689
3166
5917
12971
13717
13572
15924
12990
14669
17678
24770
24360
6882
20234
24553
9946
572
19357
5148
8205
6718
24929
9714
3980
9736
7370
5293
4246
22772
2694
14432
1950
15643
7200
5839
4143
24205
178
13635
612
14115
3730
23061
23677
21941
20825
6317
18819
20306
8971
12939
13086
24936
22546
20198
22313
13473
11119
15937
16350
11442
21705
19066
2596
5881
12980
4739
16938
17340
1837
13736
24374
17968
14435
22014
17856
18376
8813
296
21429
13360
1897
21330
3714
13956
20260
5693
9368
1893
7460
23294
14004
13592
16187
10117
16638
12448
827
8409
22987
24970
13178
22324
2624
16830
1572
10015
24321
20144
23897
14324
20403
8912
6607
9523
5416
16196
21901
21751
8579
9630
4324
8376
21430
5615
8444
4847
9259
21258
10892
18378
1112
18769
18365
24947
3249
8519
1613
23174
11972
21719
20664
15893
6155
18823
18421
11217
13236
144
3626
2712
51
14769
16942
1908
16705
15079
21129
3427
14526
1036
23328
14842
20286
17862
6646
23162
7091
24652
22439
24800
2381
1584
1181
13294
6237
7569
22920
21638
20538
12504
20129
11904
5632
22537
12257
16560
7874
16606
16205
6091
18297
3039
16732
8110
9602
13471
2313
23927
10000
22314
16161
7863
10374
19592
6905
17431
8375
22440
6758
13198
635
18206
18932
23063
11250
22058
17357
6338
13537
18673
1860
3728
24192
9391
23093
10603
14531
9852
24955
12438
18572
8019
20890
17505
848
24377
7566
14682
14122
16769
23353
7343
18793
18570
1098
22674
14420
23505
19298
6667
9801
1296
17159
13443
1197
14198
9993
21834
9003
5534
680
244
14278
21374
24154
2377
6797
13476
11439
24339
11814
22656
1312
886
21773
12398
11246
19184
16669
4551
7939
13883
17202
20222
22660
21051
11330
7424
7603
3418
17161
2037
21221
17628
4331
22859
10637
10104
6951
12227
3747
10839
10375
23997
22419
23374
11458
19823
3785
8232
21980
13510
6215
10183
9659
3361
8252
15298
14501
5205
3238
4253
24682
20590
20791
21911
2178
6686
22206
12117
10779
11460
8364
11303
9533
3553
454
3765
16540
23296
9072
19651
6178
24002
6587
24276
18910
4671
23831
4219
3551
23586
11705
18193
20052
22965
8437
3761
19723
7093
9931
8486
16194
10525
21304
23763
8781
21676
20649
13789
910
22394
5907
13000
22269
20520
4282
9190
24366
17888
8606
2272
4995
18787
5891
8199
20956
19537
15767
19871
20822
5934
18040
8458
17381
7879
17954
10835
1570
5546
17909
6872
22273
2361
13226
14028
24685
20618
20790
7403
21019
19773
7080
9320
6028
9348
7254
13988
14252
339
16487
6558
1005
5016
12727
10944
11905
12344
6384
22953
10294
18696
19245
20406
6017
16912
17864
6087
22613
14810
10212
21224
975
21459
24544
5234
7038
7391
15790
5128
6547
2475
5357
18372
22839
15992
15204
8128
14646
22331
1499
13659
3183
2983
4066
14134
1840
23698
3300
8749
10124
2174
2801
9508
5133
15663
4347
16904
18826
19177
12346
22923
19374
10121
1402
15394
7790
18551
11170
20427
3518
16309
16017
13252
4519
4010
11931
4048
23175
22317
11519
5496
16054
18110
5865
10772
9505
18055
17611
11817
8640
13179
24641
21212
21885
19595
24379
15747
19114
14879
10470
8993
9504
16025
15206
17556
22445
8466
13338
16150
2438
18752
1495
17353
21696
1505
10363
23406
12924
21818
13461
8189
7504
4249
3198
22882
17922
22573
1010
14634
24323
3592
19657
9057
3848
21480
23865
8732
16450
22152
6795
16773
9740
3727
784
20397
7418
14837
15309
3820
12246
7822
622
4599
13419
9233
19797
13617
2063
2680
23531
15919
4186
17703
12563
12725
4240
1275
12396
10592
23799
22792
6138
20692
14204
13627
16911
12947
14436
7457
16445
13943
14273
24817
18113
5222
16518
22481
17959
18803
17129
19968
14378
16455
20482
10918
284
18583
20915
20181
19777
6375
4713
4188
6366
17195
16666
13820
6918
22192
24059
742
8514
17082
2282
15140
22214
2507
19287
3195
2477
4686
7831
13720
5022
14998
23241
9540
2163
2816
17477
12506
10531
24142
22354
4857
23978
13531
17688
15119
20568
13724
16089
2106
5152
22466
7711
13118
23779
6387
17496
17106
19994
4526
3210
23784
9565
1428
24040
17924
12039
175
3839
3686
22077
1892
23702
2086
24111
7063
6997
13449
15658
23318
12225
9298
24257
13153
15066
12713
15122
11108
23800
1896
7032
12301
21770
9919
12690
12208
3071
13146
1774
4882
4832
14613
14033
8197
5013
2681
14831
24091
13353
19493
22749
10514
6530
13759
11073
2867
6760
23915
901
24967
1450
2329
5692
16021
6041
20368
5231
10598
14845
21866
12808
4304
1188
22525
18847
22645
23272
23587
2730
12487
17906
22637
21622
19427
13484
4410
7613
19960
11425
3197
22179
11543
1364
20884
5936
9968
9392
18576
18653
17077
12665
4089
2349
14070
4308
5690
24570
19895
17441
15405
12977
8058
11820
5812
12728
17549
19161
20290
13885
10148
15041
18829
1401
24504
2401
20997
21884
24931
20678
1752
10410
8275
23952
193
11234
7166
15163
7643
17733
23384
23769
976
17826
10228
18215
21280
14405
7996
4682
23008
8786
19116
23179
20481
2969
10611
8767
22917
19900
19218
7450
16402
22794
14898
6681
8714
7656
24557
3029
24003
16239
11205
4527
2655
10170
2695
15484
12942
18676
16908
3107
7413
1883
13404
11377
11288
13237
1868
21894
8412
21607
11642
10299
11874
19079
11849
5753
23687
6313
18025
23451
24249
19269
7861
20232
7849
8752
12010
6249
10673
22694
14914
14813
22622
22631
11220
15936
8355
12609
2091
5918
13907
23753
1946
3548
10155
16177
5832
13712
6992
18889
17701
18665
7206
10378
9495
16783
19042
18266
21814
26
21268
18150
66
7350
23935
12624
6993
22490
5824
23145
17234
14124
6859
13239
1328
15938
14654
17376
7311
16405
723
16206
15814
822
550
1429
146
449
1626
23136
12210
5409
21192
3050
24120
6332
4462
8456
13211
16453
6846
8948
11179
1754
3575
2227
5809
10687
6048
23920
18485
69
8772
325
8769
7066
20977
16091
18142
7835
6976
8961
24541
16761
5499
13354
6509
7017
6072
18472
19296
16982
21344
22089
7683
24069
6439
18870
6796
15074
22177
12523
3186
668
4646
17344
11538
8035
18607
24514
14308
3889
9901
5120
4111
15294
11522
4718
7608
15409
3219
12460
1656
24602
15635
8129
9995
11329
21565
18417
225
8240
22620
10632
13818
18067
3580
16827
19236
18615
8137
9487
22615
21686
2441
4717
14081
19939
16214
2156
22391
2169
13929
16864
6142
18048
4633
14023
7629
15795
9307
20745
9435
8005
589
1074
24787
2995
15197
2387
4241
11172
3347
21249
4047
18692
19358
3048
6266
17212
18162
19565
4950
13502
772
13164
11198
20941
10200
6921
1211
14448
22181
24867
14286
21813
19247
23141
19342
14744
16202
19805
9280
6656
6246
1469
12645
4708
15600
2360
20703
16736
17940
21219
16218
19274
5568
24633
2766
6134
3834
19119
12263
460
1707
12982
2301
14356
17731
19447
21529
7026
19014
15899
2709
9457
19563
17877
3337
20894
995
817
11124
1669
12674
1731
18849
6751
17604
11973
21383
15044
503
9252
15276
15692
19125
17066
24076
10716
24119
722
1287
20707
19334
7812
4867
1142
23880
18643
13746
23685
14522
21948
1593
11127
14370
19000
7431
20025
6850
3231
14969
20686
8036
12605
7321
16946
4407
16468
8050
6691
19095
6775
19230
14061
19810
19021
595
9120
9722
22662
7623
14280
18753
16313
10587
19728
23979
11403
4148
2572
6969
6107
4302
9375
19150
16653
24804
9814
24385
15507
20080
7248
11019
17730
2707
18719
8982
145
8979
1523
21308
13740
7020
15837
7109
7282
22575
10012
23356
6331
19256
15357
10380
7003
2793
20356
17880
6293
14726
5457
12455
16212
4586
10791
18623
16743
1491
17917
14161
13949
15641
8223
7392
6984
18671
13182
23413
14057
22228
17576
22249
3939
3883
20891
16967
18213
5389
24046
2447
23071
21861
18397
16019
12691
759
4289
3964
14559
14525
15803
17653
5528
13458
21325
12682
24485
18640
24256
10771
2041
15521
14849
2005
5464
9840
17449
18032
20808
8878
2779
15819
1891
4461
23543
19685
11083
7204
22287
8000
17550
6576
17435
22319
3030
15466
19808
19231
4156
15368
19817
13275
13911
5212
21764
12543
22315
8998
24585
22790
5550
9913
1569
5863
12557
9362
2457
13242
8207
15392
18369
6845
17481
17034
7549
10108
23483
9048
6673
12507
21926
4529
7024
3012
8876
19449
15107
20779
154
12268
5195
3288
3853
24789
12180
18801
17318
7425
15486
8319
22451
20066
17565
16815
4244
18189
18841
12833
17728
10350
19664
9737
23635
19671
5921
11002
21820
3520
23849
23932
3369
11427
15682
7705
8621
2117
4481
5566
62
2393
4420
3666
13694
5520
19101
16753
20995
10487
3211
19754
24579
3322
4129
16305
20330
5553
12097
22810
3400
663
18536
333
22417
22332
18990
18765
5569
13488
18446
15551
4212
1239
1815
24627
13834
10806
1302
7775
11434
2486
12163
24053
1315
8206
17146
12423
5497
8779
10896
12
10793
18898
11389
20045
15527
11553
23126
21168
10361
1730
18176
21267
9049
14675
6061
17375
8927
6810
10290
20487
9060
1378
3453
21011
10373
8612
16763
8944
5468
18693
12156
6512
7936
5688
12823
24753
23091
15877
20885
12616
6132
