6366
16357
3030
9054
8134
9575
2177
23517
10997
15103
13473
24142
12674
17688
17628
22265
20494
20884
7084
24278
7206
19177
589
21008
19548
16518
1359
23719
220
956
4048
5693
11403
2704
23586
1989
23431
5379
1142
1624
10290
3055
9508
15808
9314
21208
9038
16698
14613
2844
15465
18673
22637
14122
10004
2323
8486
801
7032
7775
18643
8137
21166
18142
13341
6993
17710
18572
19737
19218
10144
23566
581
12584
24421
3337
17077
13902
10434
19125
5017
12835
9714
14519
1455
3553
8831
4410
530
22007
19228
7459
21834
19699
3731
15112
21507
19526
7166
20234
23753
12050
16753
15578
9636
1774
7813
902
22794
18301
7967
20133
12290
22439
13413
22354
8129
9501
8192
17906
11984
16199
5409
8885
20222
12010
15250
20603
11215
24769
19493
12117
22496
3863
6008
23541
10754
9018
22152
9307
53
8961
8073
17733
1157
23179
12180
20566
16560
6293
5181
8796
22539
17237
16705
10907
8983
12455
17479
11707
21029
7494
8203
4089
7306
11570
17519
21129
6479
3071
3692
22513
1471
22917
5646
13820
19651
4633
23683
4629
3075
460
12506
23731
21529
3163
8619
11574
11662
10353
18032
3486
23581
21699
11887
24091
5128
8050
7139
20427
12622
18693
3727
1941
7061
8456
16228
17315
3911
9630
23028
8714
20915
8018
16666
1840
3660
22573
15409
5668
8163
11474
5013
590
24936
8318
14525
20520
13471
24110
15099
20515
13191
17161
22442
28
879
14639
6246
3231
8652
8747
18787
11150
3283
10470
16777
23642
17631
22267
21875
13035
17678
6331
5569
4172
10058
3747
11205
21546
3831
19203
22058
7999
2307
7231
17373
17677
15619
3291
17959
3465
23204
22769
16091
24704
8523
8917
1071
6002
10237
14131
19871
6973
7290
24675
19346
9722
12227
16638
22290
13900
3299
9338
7442
1913
18640
22699
22324
4983
1730
14061
14703
14383
5022
9672
8640
17501
14849
17351
15556
5637
23849
18765
20808
8973
7450
23155
17227
23663
20066
203
1929
16419
6467
3710
7555
8487
8607
5690
8781
22317
7017
24396
23698
24376
23399
7627
19923
19700
1068
14157
16177
22192
2684
9814
8724
21851
9919
16089
17797
14908
16600
4581
1942
6279
15041
1346
11538
13237
5943
19298
13719
1245
4308
4094
6303
5745
20802
13643
5497
22466
7080
17340
7431
20505
7864
7584
4527
11874
8813
20949
2148
5457
17509
19042
22062
14371
4388
6425
10918
19946
17129
274
11560
6612
18213
18675
15635
11769
19066
8599
2016
22927
8412
15741
150
17877
16542
13419
24450
12980
10307
9181
15693
14769
13497
3839
10472
14418
4132
11101
2074
17629
13096
10228
18342
20587
17579
12469
1074
22965
11385
12347
19672
20462
11678
7199
24641
3942
4919
10413
20931
6500
7218
13086
5464
18760
8732
5552
21986
15127
480
17182
22662
19960
21001
4767
23417
4656
3561
11267
8567
12911
17557
4544
21330
12141
10908
8374
7254
14347
21559
7063
4861
19730
14379
5550
9851
14781
926
7128
6375
14273
14295
16495
16309
3612
15140
13789
14501
7457
11479
21221
7936
18252
24708
2936
2894
24318
18902
9547
12396
8376
18162
1273
18576
16112
12097
6155
5651
16350
11512
19337
14518
22269
2745
7477
15267
13885
13226
21248
24214
2349
8915
9939
15969
302
2073
20030
16857
9591
16545
21531
22839
10200
15938
14104
14405
11525
21784
5231
16187
23587
10741
18434
12056
6557
19563
10944
8912
13239
5832
22517
1275
2596
1923
6027
17861
10676
7705
19754
22101
24307
14611
21158
6899
8351
18170
15936
22485
20790
3109
5035
19914
11288
21814
491
23916
17353
5566
17565
11958
19831
9995
225
4244
22298
6317
6665
7812
12119
18380
17449
16450
684
13949
11220
9607
20129
426
18869
18027
18257
24884
6404
8995
239
2169
296
22866
5369
6205
4055
14023
10485
2117
12187
8993
1806
24801
24323
9692
24928
22471
13153
23108
24705
5813
19248
2862
4449
17619
3761
4727
16289
15339
750
8890
14953
20585
17879
2647
12939
12409
21547
16908
13508
12275
18767
11642
19206
9834
22841
10748
16769
5205
11531
5910
9023
2695
7687
22557
18025
24542
9579
4275
10839
24125
13182
18356
18206
8665
13578
11812
18536
12280
19359
9556
407
21357
20487
10268
3650
21352
2338
15378
12564
16607
8519
18251
12823
23978
6951
18719
16405
17735
19335
16956
21622
17375
6115
22622
13736
15206
20889
10777
10256
1584
7048
18827
18072
8107
17265
18926
12709
13108
2867
23898
7473
20536
16924
3351
16736
4289
5720
14096
10375
19979
20920
9380
3211
18793
12895
21627
6266
19891
6582
19296
11178
6587
18690
11002
2163
3575
9736
5664
19512
3590
3722
17532
16712
18816
24880
9984
6072
5144
23875
15279
19274
9760
17202
11776
11566
4106
19565
18055
12253
22631
14049
16262
6641
9801
9471
3438
7280
20689
10148
7676
11152
10623
23685
19427
7155
13835
22000
2892
6589
19188
6918
6773
20997
8089
5869
2681
11127
16627
21263
20237
5824
154
3029
5152
14974
10362
9359
19161
5325
2572
13724
18865
14879
24392
21960
22181
6667
1128
18752
16979
9560
20016
4139
12526
1623
17195
17940
910
24208
10361
17318
24411
17317
12188
3898
16297
11905
18871
2929
7321
6804
11066
17335
15327
13256
23241
15692
13478
11119
3107
18802
7865
21696
9304
19809
12971
17360
12645
15839
44
20804
17469
15003
24455
6838
3872
18466
18819
23226
17246
3187
18623
12563
11982
4219
13432
23781
12628
24137
1313
244
608
8728
3736
5416
9749
12713
13818
2082
11817
11995
5944
15923
16245
12
24018
4670
24523
20678
5448
18436
20221
4887
9120
21121
18322
22280
10771
10479
11749
935
7566
17261
1998
17590
10077
24257
10776
16935
23656
20144
18175
5296
21480
18048
23336
1887
2369
2624
3097
5500
22174
1896
3939
6415
1364
20686
7790
16743
19319
4324
3499
22041
9003
22929
5568
3166
9457
229
14877
7878
4534
7613
8979
18397
22319
1389
24830
18894
23342
18829
24150
10531
15527
14993
12625
9913
8093
3411
2297
21637
13011
20977
4713
16247
9686
9947
13347
7026
20151
22914
23721
14083
6969
12682
5016
3686
20298
22418
8998
22882
21050
23272
23384
1328
5392
9931
8577
7643
14059
11715
10299
5656
2156
4087
2547
5410
20940
23467
15510
23993
11505
17694
24089
4951
9775
11973
14043
8128
24585
23880
21063
1489
21751
5918
14378
5913
19528
12225
16161
1330
20968
9942
17071
15289
21105
4739
14721
19808
595
19792
8375
15551
15600
21767
8971
11663
11246
16720
16783
21896
12557
21258
19276
13837
5133
774
5718
11201
494
10973
24652
18098
6976
7831
12036
5192
8604
18389
11203
24249
1656
23982
24101
13145
25000
11425
6003
1197
1893
15473
907
10525
24059
14185
7822
13484
16196
14462
22391
8415
5295
17357
21721
8840
8035
23471
10637
14005
24760
14198
24354
12825
16910
20409
1304
1450
12624
24731
1707
14087
15285
7894
16205
4697
22219
4551
2640
8927
17791
14890
3488
19259
10598
17344
6165
7370
9435
15394
4496
13751
10079
2237
67
14922
11904
4279
24557
20819
8767
8325
16423
11377
22610
3322
8112
12685
9840
15179
3551
8944
21607
15643
6273
12821
817
20591
2037
11434
16065
14342
2193
12947
11303
18483
13771
22613
21820
4806
14669
6239
323
12353
1448
23782
22393
16421
11547
20025
1167
23448
22010
2815
9100
1898
5339
20656
14853
16305
6233
5156
15405
20902
21962
4529
7656
24804
10229
9057
2424
21016
2127
8037
21907
9968
23635
2329
6091
5492
16500
6677
19495
14831
5262
17506
15246
4190
1854
17864
9809
3050
16687
333
2712
1054
7863
8737
21589
13461
7774
6167
4466
6387
8948
7179
19630
20071
19321
6384
24015
6142
21901
14646
18933
18485
2024
19447
9989
24682
23601
24119
8588
8878
14497
17748
17604
11936
12653
21082
24805
3901
21294
20130
10690
23784
5853
3518
284
22943
13720
20481
17888
24553
21561
12460
18692
1946
17066
17550
10093
22576
21231
20079
7196
22335
5622
13556
8957
18622
6132
15101
19511
7425
10772
1908
20067
21904
22490
10708
16815
4735
16904
19236
12341
5968
5546
995
7003
5553
2033
21517
17576
844
1188
24391
7608
7162
2934
6547
11837
11428
3051
21541
1720
12511
15924
267
3714
23920
3048
19814
23000
20703
22481
7711
7996
4431
21177
6483
16455
102
16550
11439
16109
15220
635
12368
5838
22134
23523
18338
10104
16911
19612
3905
13960
22899
3430
11330
18284
23097
13372
15060
2186
24881
2680
11533
14845
20568
15187
14522
6758
9504
13431
21268
21705
22686
19390
10966
6846
4687
15245
13263
17258
11781
5204
12161
9229
9940
11611
16453
20403
12727
6028
6926
6872
2377
12429
10818
16573
4331
17204
9340
10027
18626
16311
9540
15909
23175
20306
17857
19401
21212
12367
21304
16407
16523
11695
7873
18261
4646
8982
16709
12456
3453
15357
19247
15022
19150
17728
2521
1248
3444
15822
20861
21941
894
3084
7407
8606
23832
8170
14654
6558
19853
9854
3309
19334
13242
222
12206
9002
21267
16596
2441
24298
17276
22365
22740
34
6775
23294
22953
15973
3183
12448
3711
24002
13656
23219
20061
9673
21676
899
13160
19647
20894
19021
20610
11053
14324
22332
9280
19153
9391
6972
16633
1131
24437
23712
23058
20956
15992
24387
4216
5249
2963
7504
18372
14744
18910
9770
11672
12453
6134
24544
16401
23048
2162
2003
13502
20299
8326
3400
7126
3181
16971
8292
8696
14623
24003
18801
24627
8052
375
16669
9148
18639
12344
13323
12808
3379
16362
18841
2974
4304
6859
2533
23938
5976
7951
7311
3407
24592
12107
12340
22451
10892
10603
1177
11705
3559
19357
13814
2707
14634
3699
20864
5030
17079
16134
9392
24864
11009
23312
4409
21926
975
12594
24667
3606
1857
8200
702
16829
14237
6173
14608
15315
6505
20779
14280
15185
19513
24446
2828
4111
2106
21439
11940
9901
24787
51
3981
10587
24929
9842
838
2272
19916
193
5155
7997
20330
6751
9344
14070
16122
2266
14356
6061
23207
5495
5010
15316
12599
4662
24205
22735
5907
2210
3459
8175
18649
20190
22120
8801
2139
16202
11423
23201
5180
16382
15877
10705
11603
12977
22540
10645
12794
5462
3
18140
3385
6272
3049
3954
12728
16862
5709
4729
20664
4161
19483
20526
24366
3418
8444
22972
19823
16198
3249
18561
21232
6261
722
21591
16885
6138
16218
15747
13178
14081
19002
7524
20814
1575
295
6687
1669
14789
23186
1239
20885
13956
14682
8446
13773
12763
16845
21833
5212
23929
13443
19810
13211
21219
21773
22419
24570
14124
6507
2948
2031
24256
10832
15276
6437
3854
3434
19119
7940
19986
15157
13694
17644
11083
7441
15641
15443
13354
24514
14245
15663
12891
3638
13740
21458
1943
23779
8396
5004
23189
2393
23677
16235
20649
22313
1287
15294
8752
3168
10099
12208
22938
12899
7569
21192
20243
19872
1572
24862
2868
18179
15033
6445
23093
20035
15761
22619
21747
10487
2751
5534
16054
3797
19449
21056
9060
14214
15385
10153
231
19682
6074
12246
1352
21678
2995
14341
13360
8409
2161
19882
2057
6369
3186
4671
9311
1784
18821
15874
20636
5574
23052
4072
13177
2178
1495
8458
23347
24541
2969
5983
19620
3176
8524
3889
16081
13056
2360
4651
3264
18475
1754
21011
7960
18550
6796
21308
11124
10056
15133
24063
5284
24832
3292
1613
7350
8504
12822
8293
16793
4876
16914
14286
8745
20120
489
5577
9421
22404
17159
2983
4104
14033
1512
19130
8535
21736
5688
15601
12487
4096
13907
19242
22773
14793
23979
19598
19507
9932
9072
15119
8158
24190
4249
13476
4540
12611
10994
16018
449
1954
17669
23136
13422
22749
19583
14390
18181
822
8886
19049
4830
22790
18570
1042
6608
17773
10249
10155
2517
12707
218
14589
22467
1772
6990
18606
5206
22308
12527
9004
12885
23126
14790
7060
17944
11897
24770
23106
5610
12140
8674
19175
663
8574
24226
22179
13179
20169
24339
5936
6875
4777
9362
8499
15627
12578
4519
13921
16446
7474
3765
15462
23352
4858
24384
16836
4156
22770
20557
12616
17671
3580
18898
1355
10277
22575
11236
13558
1098
4191
16001
16383
14278
6267
7837
23505
9395
23318
8207
5113
21051
4819
13537
12535
24499
23374
5131
14236
1211
14478
12783
3700
17614
622
1402
21972
7581
14588
5201
23865
15919
3118
14810
22821
8494
18733
15043
2507
6509
20764
16830
9464
14057
19723
12942
22849
11544
10756
2655
19881
16487
10402
7874
15423
4137
22875
8343
22525
101
22941
11360
3052
2833
18916
12082
24382
19073
16194
16267
24194
22924
3690
13943
15658
13284
5174
15370
19136
13531
12605
15749
11380
16234
5357
4950
12663
13572
22511
5477
1701
3788
17376
23483
21573
7347
2175
17758
6234
15484
24360
6981
17081
13580
11180
8206
15586
6117
8240
12932
1319
1253
5520
713
129
5528
109
16324
18361
17234
21323
24759
13617
9565
24970
1993
12320
22014
13550
15054
14115
12438
19407
16765
18792
144
14420
22394
17918
6048
22325
10374
21374
22089
17768
24374
779
7649
24053
3957
6908
11108
7900
11402
9614
13154
13662
12641
24467
5408
23831
4573
990
723
8786
21906
2808
16671
17943
21865
15392
5234
14837
19113
10779
7424
17775
13635
23061
562
18369
6850
16045
16209
17968
20621
21911
9933
7020
15074
18066
4882
21582
17107
4413
17534
15622
15009
23125
12534
2212
4847
13198
23392
11156
23952
22646
3196
2401
20930
21124
6087
22261
933
4734
2282
1569
17416
11049
7462
24046
15819
3005
8802
15021
6928
21256
15197
8232
14204
4586
12378
20796
16212
14842
18193
3388
6418
4412
5938
14427
22987
11250
4169
12621
1005
2293
24722
13072
12223
9967
3195
13988
10673
7378
24213
11442
20254
13044
9701
14998
22985
22114
6997
24342
1530
4619
23451
21100
4357
22572
4708
12858
23481
2438
8019
16402
15243
16087
11710
21109
14480
8116
406
12163
11196
5863
7605
24201
21783
20762
8364
6512
15204
24671
15486
12122
12833
22250
14694
14592
9852
17050
22913
24377
16230
1752
21994
1565
11522
12301
204
12061
4420
12569
17481
5129
13353
9518
6686
22411
4212
2238
19432
17243
11037
7287
1434
17562
567
9375
11277
11501
4252
13576
10194
13236
12834
20097
21389
18867
21662
4703
22782
7120
22220
20761
1524
17440
17
14311
8612
13929
4865
13968
15829
21756
1886
7683
13275
20592
1112
62
16150
19103
5934
23162
17924
14585
7109
6442
3091
11553
7549
3427
17424
11179
7843
93
15803
24047
1401
17744
14297
23077
9862
18870
9298
13099
3599
24908
11103
16823
668
4682
12257
5481
1044
17611
2694
18858
18615
15814
20793
3953
12771
12708
6151
16132
344
22206
2361
21980
23554
23808
1429
21039
4826
15235
11137
3039
9158
18901
24689
21367
4960
12836
1290
6217
20229
9553
23031
2368
4815
10000
7417
1764
23839
7268
13091
2505
19112
3347
10302
11607
10350
11871
4717
7037
7847
19777
19079
15524
22959
15066
15322
23176
18421
13488
5917
26
17656
6607
17856
3036
4761
13834
2176
2166
9515
4958
19690
7661
6576
19536
1860
12144
15343
8205
14314
15553
22778
1731
18653
7024
16805
17423
23353
2411
2295
19676
23356
22792
12039
4959
9368
18426
23440
23174
13671
12857
2525
23328
18856
5632
16365
24797
5469
10977
21913
4912
18266
2931
24817
23577
24287
172
8904
8717
18624
6579
17070
23761
840
7629
848
6896
23718
3004
2816
8005
12543
23907
4253
12609
3416
7201
5389
18375
23845
10788
6711
15815
23960
14448
19231
2114
23091
21818
827
2882
14545
6461
12507
22772
1291
19245
18035
9491
21990
428
11313
21866
22758
10791
12278
16864
9131
12542
24513
11687
6839
16813
3789
23997
11321
13545
6760
4050
8382
9602
16733
23110
9505
10243
3592
1246
7204
10825
4873
769
10108
2766
18113
24416
10932
558
14914
1505
3286
4010
15694
18803
22215
15893
12523
8651
18311
16300
3141
24956
24022
12268
6656
11383
18472
22331
7392
8772
23805
886
5099
5468
14969
4047
13883
16537
5419
20586
13411
3965
13200
14931
22445
17730
21793
4461
6342
1491
12504
4481
1626
16422
11270
22314
12755
3057
17743
20514
18878
7658
20872
4411
2464
10588
13761
19256
1303
19569
4369
22079
14370
5330
23543
18769
10483
168
10369
8762
12110
9621
13252
21791
19780
19657
21383
7691
2801
10015
18215
7968
14959
14211
11420
10901
7782
12684
8876
17592
5094
19068
18527
6675
18826
20266
3935
11273
11214
11170
20681
20304
21419
1891
345
14559
17901
24653
4347
94
15062
2498
1213
118
15411
18696
4142
20832
8358
16801
20805
4842
21638
6910
17705
243
1499
14880
12059
973
2540
14668
24577
16467
10835
21430
10183
19671
6187
12328
21742
5812
18611
7859
4857
18932
20300
3853
23184
24824
5255
16946
8000
14461
17075
13449
21821
13659
3757
14128
23622
2086
11343
21433
22774
12450
2955
24026
2457
8279
9533
18378
14599
24654
12760
16773
12529
23141
6345
20368
23534
3621
18521
5055
11803
21811
14710
15061
11997
13164
17212
11115
5177
11198
19279
16967
8807
6174
23644
9659
9470
8284
20791
24485
1532
15682
10212
4091
15507
3728
339
4939
21861
20198
16858
21777
10855
6813
18176
7093
20332
8626
2449
17731
17692
8275
5114
18294
22602
4136
2100
13717
4407
338
2436
14440
3012
10983
16827
310
10716
13712
4590
1665
18468
1312
5499
20181
12032
4246
5029
11211
3980
20800
17273
19750
16208
9946
664
16192
11820
1123
9495
11979
24580
23251
19667
21948
6606
20350
3604
21151
12459
22980
19399
7225
13408
18412
1162
3964
12659
21314
21363
18761
22356
15019
14288
13404
5865
20397
23807
18613
1259
24120
13911
1787
8826
7015
7895
21344
16622
20431
3365
12554
24276
19114
23055
784
13710
3520
1230
21711
19371
18921
21577
20692
11241
1458
12798
10244
6338
7343
7403
14134
17284
21060
4585
11365
14898
2721
11281
15483
24882
13754
3232
17164
3242
13940
2574
14046
8319
5702
9848
9037
3238
6489
20356
5359
12505
8332
22859
1171
976
2097
24243
24221
1593
9955
1461
15978
599
16214
22694
15172
19664
15708
24222
1058
744
4195
11035
23637
24791
21168
9717
7849
500
21112
16447
14755
14300
7587
10632
22135
17173
2880
22570
20707
12604
21976
23531
4277
24721
21461
24166
10792
18133
2781
13512
12297
4427
24498
17993
16938
17490
21145
2793
5179
13006
14531
178
5600
24789
21770
3059
20890
7464
8776
24699
9777
10306
11132
3069
8193
15288
15521
3834
2214
9541
8481
6029
3198
14123
23008
22260
23793
9538
3355
10477
16025
24321
23406
680
10378
22621
15516
3729
20671
23935
20527
13338
22056
1897
17612
7779
18110
5716
12662
5881
12333
10806
17840
8749
1432
10687
759
161
10926
124
8579
11175
13306
20538
19543
1296
5891
1181
2485
17549
19883
24596
10327
23071
7418
11073
17127
22645
3190
20567
2301
5613
10827
22380
9297
5670
3705
11602
18823
9605
2506
4507
18990
24076
8062
11816
16432
21894
16949
14902
11153
9201
17653
22966
1590
17457
24431
16540
11675
19994
16533
21610
19116
8173
5809
14382
22233
16017
9139
11828
22315
10121
20189
14813
22777
13627
13195
1036
11458
10137
19184
19095
23411
8743
2174
9155
16942
13146
1151
18376
5061
17505
6017
9985
11129
9823
10345
13854
10170
18725
819
7038
22092
1195
6364
16005
18459
16601
10695
14857
19292
6215
17431
17862
21353
9609
3666
282
20887
10227
18711
10430
5293
11275
23769
9486
138
10263
3293
12955
18150
8303
12437
21280
17034
19773
3273
6707
12423
8623
18551
6577
17465
14809
2150
8252
9049
9275
4229
23370
12385
10022
10089
18883
16036
20232
22228
17484
15178
22923
9523
612
508
6984
13118
14966
19592
2784
8779
7918
20995
11701
6718
7054
1983
7008
4102
17478
16468
24604
16239
20659
20045
23763
20941
9233
24040
656
10107
24385
24806
7908
15937
6439
9987
15298
3879
16165
23063
10154
19662
11849
20745
18596
5615
17759
23474
11019
24352
23128
8609
3369
11723
6520
1286
22926
3210
23358
3241
2615
22355
8070
21481
5239
21459
550
17556
6882
18130
300
13759
22077
21621
7265
17917
1717
13000
21422
15417
5545
4462
19681
19913
24093
18067
8352
14840
4282
6646
19537
2746
2909
3361
2870
21719
15079
23
10410
14716
17520
24111
13688
4599
19968
20907
21434
12074
1370
11770
14745
7939
16378
141
20286
20241
497
17661
17779
20292
454
11080
11650
9397
20400
22737
22674
643
12156
9763
24955
13296
1315
19637
3611
4188
19342
16933
22615
18271
1173
9737
19160
6681
2132
845
12398
19794
1454
2011
9592
3848
24990
21752
24967
5120
5316
557
16606
9911
4025
15529
23927
15466
13369
8760
14712
21835
24351
16571
5496
21884
21640
19269
19627
6842
7505
15791
24753
11814
66
19613
14824
15305
16696
6041
7896
17595
2318
16095
7993
16644
19753
24266
19989
8839
9190
1410
11018
23932
915
12346
12370
12861
10035
6238
6491
19287
13592
20806
17350
1843
2041
7869
473
10294
5981
742
22502
15442
9818
6394
9252
2447
14161
17880
16661
6545
17662
20825
18427
10941
19728
2491
23094
12121
3730
18515
19358
15804
9863
8144
24115
5222
16024
17954
15655
11389
5461
22920
22878
20574
17099
22084
10028
2475
17558
24874
11234
5729
23198
6795
21565
9055
6530
20026
12230
20052
4995
3300
2604
24127
1950
15200
18026
15309
19552
17896
16790
19340
24579
12799
12451
6845
24616
19939
18847
6353
16982
7576
9320
16097
3900
5679
16360
10514
2570
24954
421
5007
19797
8197
11507
22713
15231
17496
1302
13880
7391
11980
8223
4184
5148
18915
21902
9888
16732
22620
24730
22468
4129
24867
11372
17435
14028
21019
4985
23145
13767
4864
7066
14003
17106
17965
8701
11818
13014
6451
6694
9833
11217
15767
7248
11427
14942
5839
24947
16445
3626
11014
17381
17555
9487
23632
20316
1265
10592
12245
13290
14004
22949
20727
6925
1428
7917
2920
2779
2658
15180
1697
21880
21958
14582
20453
10999
15387
14249
6810
11016
6456
2096
15165
10869
22802
23413
11128
11329
12667
4299
1587
13600
4066
14749
7091
1880
10682
24367
21686
8180
1825
22634
5243
18849
8769
5601
9865
9422
19595
20618
24800
24971
6992
16368
19486
10255
22417
14074
19007
10040
2013
15515
23687
4595
1378
16860
4186
2005
16887
5382
22609
22435
325
13695
12403
5480
16653
7018
4526
9348
18815
8621
659
24633
8204
8328
22666
16761
12665
7057
12875
790
22810
21649
4883
24565
15790
9812
21046
10175
14303
19895
123
13501
17701
15044
24178
3695
3820
1810
2063
15237
24320
1868
24504
24931
503
21247
10896
20823
21758
1010
7861
8820
4867
3800
5753
19281
15440
10820
23559
3422
16206
19470
20411
9374
9961
23206
670
19900
9700
768
1109
2807
12647
24154
16775
17919
6332
3603
12483
5692
22522
7460
1727
21483
12579
12840
9774
16019
2735
16656
20697
6905
8437
4771
4223
14436
16763
12773
19008
3883
2111
21647
16084
14468
24556
13510
16912
12101
9993
20822
21429
4341
21597
22440
15176
10502
14870
1895
17922
22660
16853
8922
1835
10124
14308
16569
836
11888
21326
7965
20290
14435
19805
8774
16699
23915
21324
11405
23641
5072
9695
6635
1643
15334
13529
21813
1518
19665
21249
18665
8021
4143
1570
22287
10373
15818
23578
15449
10793
10337
17462
6308
15899
10391
5652
17909
12642
22273
14202
9259
17826
20737
7070
2933
4686
22537
13375
3494
3873
13205
6396
331
24781
7154
6107
15951
18446
13458
4832
4101
14735
7404
5921
13017
6363
16526
15837
12725
15213
13294
11990
6510
4225
2046
10230
12924
24069
11733
10117
13059
15593
20482
22214
8355
8246
11549
17566
12710
18687
13882
19014
21936
7949
5320
4302
20339
465
17208
1892
539
22988
16779
6313
24666
1883
21069
20225
10611
6249
14302
20729
21510
19817
7046
7078
14193
1563
12427
18987
15163
12185
3548
15948
2987
4260
11543
10936
8466
18365
8792
20774
22405
7603
18583
2477
12982
10972
19159
23897
19894
4609
19500
5474
20895
5617
12131
5867
18297
1229
11556
1879
20891
5806
13057
1573
10363
7623
14481
19389
1523
6824
13168
12210
8514
1469
13901
4570
175
1029
8110
22546
7946
6797
8259
24192
23800
6196
24402
7271
3288
10589
3739
22873
299
19186
10171
7413
21778
18417
4241
2387
7200
18182
12990
12263
13967
6178
17256
772
17687
251
7879
22182
24861
8800
9624
23799
208
21885
7304
2486
11962
24895
6092
14675
3566
20329
19374
23702
3537
4718
8882
14726
4506
11731
4339
2638
13746
12691
11034
19101
22230
17098
13942
17104
1997
14098
15107
24915
4243
8963
1912
24602
1798
18325
18671
9896
18212
22232
10946
20893
22177
22069
6921
1725
15771
11519
3785
24379
2302
15368
10548
9573
14060
21639
6487
2091
7835
6715
10639
901
24635
15812
14841
11725
10012
8189
18889
4962
11096
21224
10625
18739
1849
5421
15189
10702
17703
8036
16313
22656
13085
504
11172
18189
8610
23296
2381
19502
17146
3682
1815
11605
14274
17603
17859
20406
572
12750
755
13768
16272
8812
16657
6821
21764
18663
21825
12877
9723
14553
19980
10763
17441
11931
14635
20260
10522
15338
19325
18676
8091
23072
19685
13636
17589
10380
3222
13739
2276
7437
11853
146
22249
22837
69
7282
20632
6133
4278
20473
14451
8407
9048
7277
14252
513
11460
23478
2548
12095
17738
5508
19000
15713
22626
2709
5195
15806
13701
11378
21325
20590
11593
13363
19799
21446
14822
15795
18040
15719
3219
16326
6673
17477
4845
18610
20149
3197
16479
9740
13750
16021
3151
6304
12914
2289
5796
1674
6237
8199
16078
1608
10809
10745
23901
20080
2227
1837
11754
19940
11972
16207
12690
18753
4583
24685
15218
15122
19230
3755
20345
248
14338
145
21806
6691
23918
17082
9583
4148
2060
3639
20866
2730
6496
8122
2392
14526
16785
8058
4240
19135
18607
2567
15989
2313
15389
7743
14432
18239
24486
2805
9431
