15197
1128
23481
14853
20689
10345
990
15060
19676
21294
24797
11281
13290
15298
4050
21904
4186
1275
16311
22084
6028
508
18933
21326
6606
18515
1378
9060
2485
8284
6926
6456
18819
18816
10994
20941
1772
16573
3566
17477
15791
9072
17669
20920
14880
9002
10027
16924
14813
23782
2868
2974
14842
10522
19449
8724
16455
4590
20071
8514
23916
11217
20097
7018
16971
23799
16571
24485
15822
23683
24125
9863
6589
21105
16979
16720
10227
8223
24884
14303
16518
20482
21637
7549
1171
22917
23997
23
22317
8252
1074
14480
22232
8839
16845
14781
10375
18867
5492
24382
8767
2712
11201
20526
11725
3953
5234
20329
6467
9854
22972
10908
19754
3039
13000
22660
10827
9840
1304
21541
12947
8137
24956
20586
15243
5569
4585
14033
11175
17506
24585
5156
8481
11115
13814
18572
19340
2162
11474
24321
7629
14969
24385
7407
1181
530
15877
16661
22772
5891
22988
24192
10587
18098
16860
22920
11678
2574
13882
15163
12529
3052
17484
16823
21818
12840
18527
21458
18412
13014
15804
2447
12398
6973
8107
16091
14314
17924
3012
24323
24604
17862
6384
10625
16914
8293
21419
9823
9004
17629
11234
17350
24577
6804
18902
17888
7179
10944
6027
24374
13531
15409
16421
9630
2533
8612
4883
19049
14877
8035
16545
14998
7126
5480
23531
14252
1798
12346
6366
16815
21325
20692
12144
23642
11770
20190
19159
23960
11073
10263
2477
13198
13236
11170
16911
19989
1071
8979
5010
21793
8944
24824
24446
24781
24437
10907
3686
12095
16305
5716
23784
1784
222
784
11701
9833
17375
6718
12409
1042
5500
1993
24190
4461
16777
18048
16019
17127
14341
5243
4369
6048
21224
23587
8052
325
7413
21546
15516
3980
2624
6205
5918
4867
5668
2096
16495
15790
15357
11205
13695
22062
11119
23644
15316
9201
1109
15343
18570
6174
23318
23141
3219
23471
6215
11687
6505
16112
23517
2870
19662
22923
16402
14712
4527
8776
9556
12773
17603
17694
5330
12456
6993
11754
12074
13558
3729
407
18725
23685
21060
5867
2166
19150
14280
10932
22782
5416
17357
2148
23071
24367
10588
5693
93
3168
7091
22866
22485
22192
22089
12834
18583
10373
14420
18696
8717
168
16324
4279
15204
66
17335
6187
20887
9913
2073
19651
2074
18841
8197
1569
3109
4912
12227
21268
13252
6394
7960
22938
20026
2983
17692
22656
975
3603
5457
12877
5497
6487
16696
5806
1450
6675
18176
4091
8961
2005
7457
7139
9505
12353
21589
14468
12423
3965
20671
24091
13432
13761
9487
11066
17565
11849
13720
22280
4449
9985
24805
8203
9055
6134
22953
18475
19342
1887
8193
6557
6760
22985
22740
768
17243
5369
668
299
10107
20618
11002
750
23353
15079
12438
14005
10121
14613
12107
5296
13059
5144
3181
8382
17840
18266
9993
6178
17082
18871
11108
20872
14461
18823
10306
12799
1656
24861
18140
23061
1303
15948
17909
2615
5863
24817
24955
6217
21711
3666
14302
10153
12599
22365
13656
4302
7917
5617
23226
2369
18297
7643
3241
14198
67
1563
1572
23028
4777
7775
14831
5481
21640
12914
22802
19565
5029
10137
1893
16775
16533
4586
22615
7378
11958
779
7861
14845
3499
907
11574
22041
17070
23055
5495
4278
4143
24384
14525
22404
10200
13502
20727
24699
19335
7569
11556
19507
15370
12131
6364
19808
3911
15385
21158
18765
18869
17161
15524
1896
1883
20330
20133
21866
8415
4223
15099
2781
6577
21559
24201
15066
8800
16885
16097
3400
7900
16732
19298
23541
11904
4734
15643
19399
9987
12684
13837
23413
589
24759
11940
23392
16405
9932
4132
11871
3561
18389
4410
19871
2801
1461
24498
11931
17918
20804
21531
8019
13880
24063
24205
21835
9252
9320
13178
20345
3242
9495
19583
23184
8199
8982
19281
9003
15322
11152
13701
1429
7847
16199
2082
10327
2338
2694
19021
4876
9181
6918
9298
5809
18870
21434
2106
19247
20232
23204
11277
21248
24214
14545
24467
20610
5670
17797
20198
14448
24990
17376
19206
19483
9774
4506
14338
8192
18898
16671
6479
11034
9540
15527
3166
8567
22228
8607
14589
17856
21906
13372
4191
5745
14436
3369
15387
9862
22686
18733
9801
5622
22092
17208
16095
2894
16407
19630
6821
20462
8878
4094
17079
8523
18915
18607
12245
23048
17877
10901
13537
20814
7951
21806
10369
23241
9190
755
8831
10487
12378
1565
14193
24721
2920
17360
6928
10434
5568
20427
16001
12535
3029
14211
16084
15622
550
20515
5155
15289
500
6711
2013
19002
8279
16365
20632
3322
12924
3486
9636
2150
3626
21662
16017
1954
6845
2031
1290
13476
22572
18067
5468
4662
16657
17730
2282
22622
1112
14390
16887
5392
17557
11458
1575
24874
15829
19321
5419
17212
20915
14721
15719
20221
19334
23110
4136
428
18690
15818
8610
22177
12185
6091
6155
11220
129
1943
14083
20356
6308
15267
3853
12253
8812
9621
24580
7587
11101
8885
24351
6196
2024
9560
18626
17258
23753
10793
6173
12794
22335
11962
1717
23915
20409
16773
3848
8696
8144
19881
19612
4671
21880
20292
6969
21001
3004
16036
20893
10682
20949
9896
22325
16207
20956
16192
11505
1123
18239
22557
4519
12505
4609
1701
23763
5496
24616
6151
9583
15692
16187
22419
7459
18040
18427
22575
10229
14959
16910
24320
22525
22959
1253
22220
345
14559
16360
16783
6491
101
5448
6775
15795
14639
9967
5174
14922
22634
14526
4089
21770
5528
17678
22924
12163
15694
18901
6984
22174
7462
4858
12642
24570
23897
3690
15119
2041
12836
4960
5295
2491
11460
21483
24633
2815
16596
17449
19359
3055
18921
22215
13712
14837
11150
6165
102
9421
567
6369
6558
19203
21011
17478
14382
21833
20806
13740
18761
16297
1370
12990
3879
16793
1068
5943
7997
3590
22439
5652
926
12857
6990
15235
12760
1296
16827
7155
23206
22926
12861
21056
2381
15180
1213
12333
19130
20181
13369
14824
24753
24553
8701
3196
15394
23108
21851
12341
21433
21926
8110
20762
22914
11405
3453
23702
12437
17261
15411
17619
13671
13086
12187
15486
4047
23162
3714
19346
22774
19895
16644
3711
23106
12451
22354
1265
5249
4581
2517
8948
4055
22674
4819
18035
15107
7859
15189
801
15021
8745
2214
13854
10809
20649
17748
21686
21638
15466
7874
13353
6908
10378
21591
15483
7705
8772
10256
822
13096
8840
19390
13508
581
23072
6997
3797
2163
1211
5410
24801
24908
9722
22517
7370
14646
3520
14634
11543
6607
24266
14059
12833
12507
4252
8259
10818
15315
8626
14057
3459
23800
1613
14202
2567
23907
21168
4919
12097
24354
6665
16209
18767
10892
8189
19940
12609
10472
20260
1302
17276
2438
2695
2862
8665
24119
3361
6375
2828
4959
1010
11501
15973
17993
15442
3293
13200
12645
8737
15405
13099
14942
16857
21758
2844
13168
2730
44
3069
24101
7473
8796
62
7008
3249
8444
14004
840
10687
19073
14585
4229
10639
10028
11128
18987
15708
20557
9518
18916
1401
19883
12161
16467
4331
24804
504
9533
8458
24770
20894
1891
9695
3416
22699
10806
8207
5853
3964
23342
16122
9701
11749
5094
6061
13883
21705
8957
19153
16089
15187
24222
12939
19536
15449
14204
1239
13182
20895
5469
24867
14081
22290
23448
4347
2880
19114
21821
21439
1410
8205
17462
8574
11330
3292
2892
21069
53
19188
16419
2060
7403
18926
2604
4682
339
7304
23094
8760
22435
19728
8993
150
12708
2547
18342
5944
22445
2936
489
18421
16177
20791
10154
19427
7109
12511
23761
16272
14383
4184
7691
24542
20025
10277
20745
23769
10531
8343
7843
24026
5022
24379
10972
10776
19569
22120
10835
4139
19671
1815
24579
17965
10299
7084
10645
6138
21221
14898
23543
12564
14870
14356
19664
2368
23993
3820
13901
6687
11544
17576
8494
11383
2684
10022
20298
18932
497
23952
22610
2424
3553
14623
4195
13263
16933
9775
11215
2680
8769
19230
15923
23406
23097
17501
24915
6547
5293
22966
16500
15200
1195
21911
6142
24704
13789
6238
6167
2658
12370
4708
4570
494
14131
1291
2934
2297
13164
7505
18624
1806
16208
12208
17106
8535
20779
3418
16194
6267
5553
16487
11288
6437
21791
17661
15003
2969
11423
16830
3291
19248
1730
10611
13242
899
21573
1432
8876
4573
13688
21430
4341
16313
22875
8376
2505
22570
8813
3834
9148
21994
7431
9375
12955
4324
14822
14161
17534
8036
109
20030
4129
15339
20481
3163
243
4357
19690
1495
14654
6859
12460
239
15157
1879
1389
11080
4826
20891
17234
19007
1402
17479
19872
12543
9120
16600
4466
14308
7020
7218
20080
9984
1287
8122
5637
19563
7343
24556
8640
18719
15627
7939
3722
6510
284
1469
6896
18294
13011
17688
4219
2572
14518
5461
13419
24565
7908
17315
17050
23417
7024
10763
17505
21383
20350
4830
13694
16858
20229
5832
22230
19389
9362
4727
17256
7450
20527
9259
3048
20587
23808
1774
8073
17416
17744
19753
21783
7268
6087
11236
15837
22411
18212
1524
4583
1098
8466
14857
21902
14087
3739
12119
13942
14608
21861
8018
7676
11650
9538
3788
17381
10977
9139
12594
21481
4101
14435
8792
15220
11360
22769
23566
14462
11560
19831
20568
24276
19160
22546
10983
2816
16054
11019
3901
9852
15969
7584
16134
1499
21051
17566
9919
24671
22135
19119
12557
7812
13885
901
13754
14185
22249
13057
20067
2360
20997
8089
9888
14588
2709
16912
3379
19401
3210
742
14519
2063
17611
7206
4717
11009
16247
7940
8275
24760
16447
13818
14931
14274
12403
6582
2441
7093
20737
10779
10771
13750
9486
229
20832
20397
12709
1162
15378
8820
18615
16230
8204
19177
12713
16935
18215
14582
21742
3518
14273
24040
19008
8917
8998
19407
19447
9553
20790
894
1328
9777
4761
225
18338
23467
11812
26
18760
16805
24806
5520
473
16801
5212
22949
24682
14810
7442
10603
22941
6317
19079
13635
24111
18711
10228
5133
4299
1923
1286
9470
13458
6107
2721
4529
7441
3755
2987
7037
9933
23031
18551
13556
15062
24120
5222
144
10249
51
17826
21124
11607
3141
6686
1950
20819
18378
17703
12750
19986
6925
17182
17590
21344
21016
18692
24689
5379
9686
12682
9737
18261
9392
1624
1131
12450
3071
22899
4010
19817
10716
17273
3
19511
15245
3765
17353
1897
19136
16245
10623
11707
3030
15978
23632
18802
23577
18472
838
21678
8674
21767
12340
20514
14122
2178
5610
23932
12554
17164
17195
7949
16453
7066
4142
2266
24929
6641
4212
12611
13484
1825
267
3183
19161
8762
23637
13662
19543
18753
8116
14993
15635
15812
15206
22965
3299
11605
23179
1593
15749
10477
22613
6234
19537
19700
1725
7231
7661
1454
231
3465
17735
19512
3283
11096
14379
12605
13501
976
21960
19175
4526
10708
3176
21610
21875
21913
18434
19296
15556
2237
12206
6673
22265
1518
6029
5921
5729
1245
12506
7656
17592
19259
406
9100
18459
14023
24002
8599
1364
2176
11016
6842
14096
910
24627
10754
5813
23698
10918
14716
6796
21510
18827
19792
11818
8437
24864
2387
14675
16205
11313
1054
21363
9515
2003
24862
20339
19923
1840
11439
19595
9573
9659
11214
1458
6442
23805
12050
22380
22513
902
9541
2313
3695
15019
16946
6646
1259
3785
10380
9961
8375
24789
17943
16669
503
12122
7128
8579
3300
5534
4243
16761
17173
11132
15741
23875
17104
19526
7711
22502
21885
3222
15586
23008
16560
220
4462
1665
23978
9229
1512
24243
193
21884
6115
3434
22662
22511
20453
16150
296
21129
9380
16432
5320
19667
18649
22298
9340
6507
20590
7896
4687
22394
8802
123
3621
17901
19939
10413
15484
4873
19236
8328
5546
879
17743
13226
5099
6266
13375
9614
12059
18380
5968
9940
15507
14809
14098
18322
12875
22576
12121
5195
21756
8058
23145
7869
10777
10337
9736
4156
17917
19337
12835
2033
1697
10077
13967
3288
3438
5690
17081
2655
22929
12526
935
10791
460
7306
375
15127
1246
844
7894
2779
18622
4277
8487
15874
18375
6396
4137
19598
23849
12188
8037
20907
338
16045
20254
20286
9280
10148
5824
10004
20169
5692
20822
2948
20930
21639
22418
15305
11602
6872
7782
22631
22537
24675
1570
17579
24047
2955
22014
3351
7613
6882
12301
22882
24602
16078
7555
19256
11781
3638
16196
13017
14157
20566
1173
24731
3107
8093
17435
3195
22417
7687
2156
9911
24800
19794
13205
18181
1849
9968
2507
19548
14841
21577
21976
4282
23781
20225
19319
10183
3347
13363
2392
19042
15417
1880
7038
21389
17490
7790
2807
16132
18693
22481
13659
15462
20686
13834
6899
19242
6530
24287
3954
17612
1230
5574
1248
7225
16378
4951
12578
4102
15250
5600
22134
6279
20368
24208
5462
5016
3388
21046
23356
13719
1044
9814
22694
12665
18072
8062
1058
13473
4771
8786
14286
5869
251
11211
6910
3731
24769
8319
11137
15178
16326
204
22308
6017
6545
7474
282
3190
16214
4249
19823
2745
23979
18826
8364
17550
23077
4534
3488
12755
13988
14418
21480
16005
5550
16234
13627
13443
11275
21676
18878
21907
17423
19657
15747
19374
14236
12534
20016
12942
8407
23601
22287
2086
18446
4412
8922
11246
17773
8904
8826
10485
11837
8158
11103
23440
17968
22620
19682
15122
12117
9605
13902
5359
24360
4289
7608
13759
12487
5934
659
10592
13431
22773
3059
11428
16300
5508
15231
17954
20505
11897
24396
20045
2746
23554
9344
17791
19502
17671
5179
6439
12690
24352
21367
24069
16109
20066
2210
5679
8240
24166
23451
7524
12616
3831
23927
13572
8519
4887
13968
15658
5702
22152
24226
8504
16829
23663
22841
20621
141
17861
18193
12290
9591
24936
16736
1892
24882
23559
20861
9158
1912
18026
34
7078
4939
13478
21699
12448
12110
9457
16267
3286
23201
21112
9501
21547
16018
9054
24421
23093
12141
9575
9989
20144
11270
13471
7831
1491
18787
10792
23358
2193
24954
9422
18883
14046
24022
20805
18639
14070
17098
11553
3757
20400
22810
15043
557
22206
17614
2751
995
11997
3407
12101
6579
19068
18468
9692
19968
4216
7967
19432
16165
6239
24730
13191
17710
3548
21323
14427
15938
13710
12010
6850
17604
20316
622
22468
9048
9565
14295
24366
10117
13195
23063
21958
10230
19358
12246
13488
6313
23656
12728
19528
20968
3736
4431
16967
11507
11343
4308
19113
23719
7063
9939
5720
2323
8890
14703
21777
22440
17066
4962
22471
13580
21231
16622
21896
23399
16698
11365
7813
10350
15473
13576
11522
8112
10294
7120
23807
17034
20120
15033
12825
23374
5615
16601
6797
2349
17562
5812
3232
17728
13411
21597
18257
23058
790
17431
11519
18643
14553
18206
21834
4275
6608
10237
13354
10869
13237
18436
23352
9464
2486
3238
9760
22646
19805
9508
15819
7061
13160
24053
1626
19737
8070
13422
21314
9865
11710
9018
18133
16627
8232
17775
2784
15279
5231
23880
300
24596
11570
17631
20703
12082
5464
8005
24221
18284
13911
17107
19814
3365
2436
11566
23125
19672
15392
491
8332
9818
20890
14451
7946
18426
21736
11776
22645
4388
28
7437
3118
17677
16262
933
7199
13578
22267
12223
14237
21280
18066
15054
836
15440
24635
8732
20061
13108
10941
1835
2175
12527
10999
8623
9049
14669
9714
23478
24654
9297
2174
23294
21948
218
16218
15682
10756
19730
7477
20697
8412
17509
13294
13767
2212
10705
11853
16607
15771
14134
21901
21166
9304
22873
5839
10690
590
22987
138
17340
24832
16653
16239
7277
22069
21752
2132
19014
6338
15103
19231
3580
5577
1584
4172
14755
22735
6425
421
15185
21145
23336
1608
2318
19245
5357
3730
7863
23474
18110
14914
1355
11178
10290
17246
22602
11525
5545
19279
8180
14599
9504
12685
9942
7080
10839
124
1346
3411
12659
4407
3905
4739
10926
7254
2735
15529
12429
20290
11705
19287
12653
21374
3699
1727
8588
14124
14497
22182
13746
20241
10632
19125
1448
22181
4096
21100
2457
5072
11402
3863
16423
6415
3097
1623
16362
15246
18162
4148
10302
19723
1731
19116
23505
5204
24018
10361
19960
6839
13956
9374
1810
18849
9834
1471
656
1142
22837
17265
19228
22114
2329
24791
7248
12483
24967
8303
7350
20591
15924
3660
20825
5651
23186
24318
11014
14793
11611
24003
10000
5474
17556
24970
7311
17864
2540
6133
680
11695
1530
6992
295
9057
24592
1315
5601
14531
7204
18397
19773
22315
11420
17532
17075
22442
18793
24015
10936
2037
20411
8621
12039
3198
6677
5192
11156
6976
18769
4806
11723
24387
20707
22621
16942
11427
4832
18150
9749
17733
20403
7865
18847
13717
2867
18663
2882
2307
3337
14481
10788
6612
21649
12858
19184
10946
18213
11533
15165
12885
684
12641
22490
15133
11982
21647
12061
3427
1177
24127
23431
16853
14128
4595
4882
24178
7026
8200
10598
14440
7605
7464
6461
12707
2570
18536
9946
11675
21936
19979
11372
16790
10307
3273
8292
4729
17940
10410
2117
13413
3839
19994
8801
161
20304
1837
22007
6489
16569
14115
24880
24416
5120
10035
5180
24142
22792
7290
8604
20902
8170
2302
6921
4864
15061
4260
24667
1860
14710
670
12763
21696
6810
24213
4670
24708
4865
19882
24376
5865
1036
22269
23523
11973
23251
6715
10548
664
22737
19681
16206
7743
2161
7392
3186
18361
15041
8091
5316
1188
12977
8912
1764
23718
24513
4420
13006
13461
8246
14902
18894
6074
15074
15510
10695
21721
2046
17595
11198
21825
8577
6451
14789
17237
6707
19101
9955
14288
5566
9673
13736
5262
19627
24523
18271
3612
10676
11377
14890
7895
11512
3761
6332
722
24089
16446
23578
21607
13404
4845
8129
14249
6587
772
3700
10525
17919
4651
24411
17906
5205
10363
16779
13751
16289
13643
15619
8000
14123
10244
15172
9038
17099
3537
23272
12628
9471
3050
9435
8134
6905
4507
9842
21353
13275
2301
2548
23845
2506
1197
2929
20487
11083
18858
16024
10483
344
1005
3551
2909
19914
15465
19809
23865
17731
5284
3898
17558
4551
21820
16864
7060
20977
5255
11769
18311
21039
24278
21352
1989
12297
17146
17284
8915
18856
18175
17159
10155
14104
19750
15276
2289
819
21422
10470
10514
14966
13835
17857
3592
16705
21429
5881
13773
22859
7993
13153
18521
22626
5838
15936
1674
22619
18550
713
20603
17880
16606
4240
15423
15288
23721
17440
18032
8325
23384
21622
7623
8995
3075
14061
2766
9624
8882
24652
10702
4413
6656
14432
24249
16813
10673
18485
7265
20494
10255
19292
4190
12056
10040
5910
12427
16540
12210
24544
18829
7849
15803
22522
21263
11814
8318
13617
6041
23347
4253
22101
20052
11037
16765
19810
5499
11663
17896
8374
22319
4656
11803
11378
14953
11731
9809
16065
16523
22405
12344
6667
16904
20473
7015
6751
21029
10832
24830
7404
21459
12798
3494
3197
24137
13179
178
22790
13072
7166
23296
12523
7054
9763
6331
15578
3309
19853
5709
4244
24705
21773
20659
3957
24722
22927
817
22913
19371
20885
9523
2091
11180
17653
19980
10170
480
10124
17
23920
21461
17758
608
24931
16479
24928
19112
24895
9311
22058
11603
915
8606
2293
5131
12542
5983
20585
15389
4815
3057
3682
9395
15521
15140
4104
16235
599
23128
12180
4304
22821
14522
23174
10745
22056
11820
9023
4072
20574
21990
17662
8619
15179
4599
2169
5938
12032
19486
13921
17549
8050
7460
14300
7271
17424
9338
18055
19066
5409
8352
3727
15767
11905
4703
23832
23677
21219
5114
3854
18610
12821
18561
17496
15553
18889
21747
12971
9901
17481
17879
16357
2401
16956
23901
23935
16763
22540
1983
7576
16982
1229
16368
7425
17589
5389
18801
13907
24557
10391
4188
21446
16382
15334
19552
1029
22849
18025
3650
21082
248
11172
21249
23155
12275
21941
14324
7048
6795
7196
14214
4713
17705
973
7003
17204
20306
643
11196
19637
7504
22878
12663
12808
6261
13960
6304
19894
11972
10175
6272
21258
11127
18611
11153
18189
2272
4411
6345
19780
11124
9275
845
15663
10589
1898
886
10973
21784
21621
1669
1312
11593
11980
9602
15761
6875
15112
21063
24307
6681
310
6838
10896
15899
6972
12604
9812
8886
595
16228
17129
18613
18623
18675
11979
12396
454
16161
20729
12328
16633
2227
94
15593
24150
1857
15338
2449
22467
23534
10362
21247
23328
11129
12622
18376
7287
14749
19946
2963
4857
13284
22331
13341
1573
1319
11479
11874
14060
6003
1313
7627
14043
1946
15213
19269
9931
5201
7494
9770
7046
14370
3900
1489
8173
6092
4111
14278
17465
23586
5421
7280
15893
11053
24881
22079
22980
5477
8747
12932
2361
426
18653
13940
16908
6824
12667
15937
13323
22943
5206
7779
5055
10353
3889
9947
8807
7347
8651
24059
4861
2097
20149
5981
5339
22778
13091
14049
8446
19493
744
612
15309
21330
23411
7070
17469
