6366
16357
3030
18218
9054
8134
952
9575
2177
23517
18344
10997
7127
22580
15103
21714
13473
17288
24142
12674
12337
24696
17688
17628
22265
20494
20884
7084
24278
1183
9600
18832
7320
6221
7206
19177
589
21008
19548
16518
1359
23719
220
956
4048
5693
11403
2704
23586
1989
23431
5379
1142
1624
22624
10290
9979
3055
9508
15808
9314
21208
9038
16698
14613
2844
15465
18673
22637
14122
10004
2323
23253
8486
801
7032
4203
1536
7775
18643
8137
21166
18142
13341
16928
6993
17710
24457
18572
19737
19218
10144
23566
8029
6684
5710
581
12584
24421
3337
17077
13902
10434
12430
19125
5590
5017
12835
9714
14519
1455
5260
3553
8831
23975
4410
530
22007
19228
7459
21834
19699
3731
3861
15112
21507
19526
7166
12266
20234
23753
12050
5835
16753
15578
9636
23602
3267
1774
7813
15151
22805
14416
902
16270
22794
14776
18301
7967
20133
11057
12290
22439
13413
22354
22209
8129
17708
11031
21979
9501
8192
17906
11984
16199
5409
12052
8885
20222
12010
13618
810
15250
20603
6441
2806
11215
24769
19493
12117
22496
3863
6008
23541
16491
10754
9018
22152
9307
53
8961
8073
20246
5482
17733
1157
23179
12180
20566
16560
6293
5181
18806
8796
22539
17237
20147
23937
16705
10907
8983
12455
17479
11707
21029
7494
8203
2992
4089
18667
7306
11570
12486
17519
18148
21129
15878
6479
3071
13840
15198
3692
22513
1471
10384
22917
23404
5646
13820
20862
22094
19651
4633
12476
23683
4629
4884
3075
430
460
12506
22509
23731
21529
800
3163
8619
11574
11662
10353
8926
18032
3486
7034
23581
21699
11887
5390
24091
5128
12482
1533
8050
7139
20427
12622
18693
17812
3727
1941
15273
7061
8456
16228
17315
3911
9630
23028
8714
20915
7215
18456
8018
16666
1840
3660
12260
22573
15409
5668
8163
11474
5013
590
24936
8318
14525
20750
20520
13471
5970
7481
11312
13483
24110
4056
15099
20515
13191
17161
22442
28
879
8872
14639
10798
6246
3231
8652
8747
18787
3826
11150
3283
7522
21755
10470
16777
23642
17631
8330
22267
21875
17009
13035
17678
6331
5569
4172
10058
3747
11205
14020
21546
1819
3831
19203
22058
7999
2307
23888
7231
17373
17677
16028
15619
3291
17959
3465
23204
22769
16091
24704
8523
410
8917
1071
9130
6002
24335
12388
10237
14131
19871
6973
6169
16548
4901
7290
24675
19346
9722
12227
5337
22199
2554
16638
1160
22290
13900
3299
11914
12976
10557
9338
7442
1913
22488
358
4712
18640
9907
22699
22324
4983
1730
14061
14703
14383
10644
17962
18242
5022
24264
9672
8640
17501
14849
24645
17351
1086
15556
5637
23849
18765
18229
642
17207
20808
19216
8973
7450
23155
17227
23663
6961
20066
8422
203
1929
16419
21945
6467
3710
7555
3858
8487
8607
5690
12738
8781
3370
22317
7017
18491
19326
24396
23698
24376
23399
19351
11168
7627
19923
19700
1068
14157
1219
16177
22192
2684
23688
9814
14219
8724
21851
18512
8329
4800
9919
16089
17797
14908
16600
4581
1942
6279
15041
1346
11538
13237
2977
5943
19298
13719
1245
4308
4094
17704
21999
6303
5745
20802
6020
17134
13643
16356
20903
5497
22466
7080
17340
7431
20505
7864
7584
22427
4527
21165
11874
18461
8813
3234
20949
2148
6229
15416
2646
5457
1194
17509
7765
19042
12024
22062
14371
4388
6425
9675
7388
10918
19946
17129
274
11560
19937
6612
18213
18675
15635
11769
19066
8599
2016
6474
14135
22927
15271
8412
13978
15741
150
17877
18152
16542
13445
7249
22727
13419
24450
12980
10307
6841
20523
10420
4862
22416
9181
15693
14769
13497
3839
10472
14418
4132
11101
2074
17629
13096
10228
16417
18342
20587
18174
17579
12469
4952
1074
22965
11385
12347
11748
19672
20462
1041
11678
5149
7199
15303
24641
3942
4919
10413
20931
17637
6500
7218
13086
1208
5464
16875
18760
8732
5552
21986
15127
480
17182
19643
12291
22662
20470
11269
350
19960
21001
4767
23417
4656
23050
3561
11267
14460
8567
12911
13409
6814
17557
4544
9165
91
21330
12141
8585
10908
402
8374
7254
14347
21559
12703
7063
23664
11789
4861
19730
21555
14379
5550
9851
14781
12848
10732
926
7128
14530
6375
14273
14295
16495
1193
16309
3612
24102
15140
10381
12308
13789
14501
6891
7457
11479
21221
387
8611
2265
18476
16442
23777
7936
18252
24708
2936
2894
1073
24318
18902
9547
12396
8376
18162
18785
1273
18576
16112
12097
6155
5651
16350
11512
21893
19337
3966
11024
1026
14518
7246
22269
2745
7477
15267
13885
13226
20657
21248
17991
18487
24214
2349
8915
19898
4366
9939
15969
302
2073
20030
22905
16857
9591
18646
16545
21531
22839
10200
19904
15938
14104
12413
12525
14405
11525
21784
5231
16187
23587
10741
18434
12056
13782
20757
6557
19563
10944
13664
15800
20358
17083
8912
13239
5832
22517
1275
2430
2596
1923
6027
17861
10676
7705
19754
22101
24307
12392
15497
14611
21158
6899
8351
6789
20813
7844
18170
16332
15936
22485
20790
3109
5035
19914
11288
21814
491
23916
17353
5566
17565
11958
19831
24041
22928
9995
225
4244
20
22298
24132
6317
6665
18139
7812
12119
18380
17449
16450
13358
684
13949
11220
9607
20129
23458
426
18869
18027
18257
6965
24884
6404
15352
8995
6287
239
2169
296
22866
5369
12617
6205
8602
21033
15042
22055
4055
14023
13315
10485
2117
12187
8993
15796
1806
24801
4520
24323
9692
24928
22471
13153
23108
24705
5813
19248
5820
2862
16443
4449
17619
3761
4727
16289
15339
750
8890
14953
20585
17879
2647
21079
12939
12409
21547
9377
16908
13508
9713
12275
19078
23991
18767
11642
15994
19206
9834
20015
8891
18223
22841
2943
10748
16769
7527
5205
19035
11190
11531
4326
20788
5910
9023
7992
2695
7687
4955
22557
18025
24542
9579
17322
3766
9449
14127
1770
16676
4275
9708
10839
24125
13182
12896
18356
18206
14916
8546
8665
13578
11812
20570
17483
18536
12280
19359
4653
24244
9556
407
21357
13167
20487
10268
2834
3650
21352
2338
15378
12564
16607
8519
13149
18251
12823
23978
6951
18719
16405
17735
19335
16956
21622
17375
6115
20510
22622
13736
15206
12533
24589
20889
10777
10256
1584
7048
18827
12417
18072
8107
17265
18926
20206
1967
18243
12709
13108
2867
23898
7473
22388
13825
20536
16924
3351
8465
16736
4289
5720
14096
10375
19979
20716
20920
9380
24816
20212
2077
3211
13973
18793
12895
21627
6266
19891
3192
19121
6582
19296
11178
6587
18690
11002
2163
3575
9736
5664
22937
19512
3590
3722
17532
16174
2068
7508
16712
18816
24880
9984
6898
6072
5144
2802
23875
15279
19274
22060
22434
9760
17202
11776
11566
4106
19565
18055
12253
22631
11861
11061
19875
14049
14129
16262
24562
6641
9801
24469
9542
9471
3438
7280
20689
269
19386
4799
10148
17725
6128
7676
13828
11152
10623
23685
19427
7155
14458
13835
6519
22000
18386
9846
2892
13543
6589
19188
6918
12011
3078
2539
6773
20997
8089
5869
2681
11127
2674
21557
16627
16630
21263
20237
5824
5250
7503
10657
154
19472
3029
12986
2734
5124
5152
14974
10362
9359
11759
19161
5325
2572
13612
13724
18865
14879
24392
7594
14079
21960
7244
17974
22181
6667
1128
18752
16979
24686
16772
9560
20016
4139
12526
1623
17195
17940
910
24208
10361
17318
5400
24411
17317
12188
11088
3898
16297
11905
18871
1236
2929
884
7321
6804
13382
15750
7220
11066
17335
15327
13256
23241
15692
13478
11119
4434
1104
3137
3107
18802
7865
21696
9304
19809
12971
17360
12645
15839
44
20804
17469
15003
24455
6838
4797
3872
19350
18466
24643
19869
18819
7014
23226
17246
3187
18623
12563
2566
20297
21935
11982
4219
13432
23781
12628
24137
1313
244
608
21539
8728
3736
5416
9749
12713
15148
13818
2082
11817
11995
5944
20718
15923
16245
16303
15832
12
24018
4670
7672
24523
20678
5448
18436
20221
14659
4887
11254
15503
9120
21121
18322
22280
10771
15324
10479
11749
13906
935
7566
17261
1998
17590
10077
13233
24257
12426
10776
7182
16935
23656
8014
20144
18175
5296
21480
24994
18048
11573
16494
23336
1887
2369
2624
3673
3097
5500
9166
22174
18864
1896
6180
10996
3939
1743
6415
23053
1364
20686
9400
7790
16743
19319
4324
3499
22041
19496
16014
260
9003
22929
5568
3166
7582
9457
229
14877
7878
4534
7613
8979
18397
22319
14820
1389
24830
18894
23342
18829
11532
14936
14800
23977
24150
10531
15527
15718
14993
15518
16282
14144
12625
9913
23789
8093
3411
2297
416
21637
13011
20977
4713
16247
9686
20558
9947
7355
13347
7026
2691
20151
22914
23721
14083
2056
6969
12682
5016
8102
3686
20298
22418
8998
22882
21050
23272
1234
24136
23384
1328
20337
5392
9931
8577
14815
7643
14059
11715
10299
5656
2156
2896
4087
2547
11882
5410
20940
23467
15510
23993
11505
23686
14992
7258
7228
9704
5345
17694
16246
24089
4951
9775
11973
5958
14043
11015
2649
8128
24585
23880
21063
1489
21751
5918
14378
5913
10675
19528
24597
11352
9891
12225
223
16161
1330
20968
9942
17071
15539
15289
21105
4739
14721
15596
19808
595
19792
5023
8375
15551
15600
21767
8971
6305
11663
4879
11246
16720
16783
24812
21896
24695
12557
614
21258
19276
5722
13837
5555
4274
5133
774
5718
16678
11201
494
10973
24652
18098
6976
7831
12036
5192
8604
18389
11203
9936
24249
1656
23982
24101
1320
13145
25000
11425
6003
1197
1893
3540
15473
24636
907
10525
24059
14185
7822
13484
16196
14462
22391
5165
8415
5295
17357
21721
8840
8035
23471
10637
14005
12943
24760
14198
24354
12825
16910
20409
1304
1450
12624
24731
7444
1707
14087
15285
19634
9194
17051
7894
16205
4697
22219
4551
2640
19412
8927
24231
17791
2586
24344
14890
3488
19259
10598
17344
3584
6165
7370
9435
15394
20466
4496
13751
10079
2237
67
14922
11630
1016
11904
4279
24557
20819
8767
8325
3832
16423
11377
22610
3322
8112
12685
5606
10132
4704
11975
9840
15179
20859
3551
8944
4515
14271
21607
15643
6273
12821
5726
817
10615
12475
20591
2037
18210
11434
16065
15898
14342
2193
12947
7192
11303
18483
13771
22613
10303
21820
8383
20769
4806
14669
6239
323
3404
12353
1448
23782
3751
22393
19824
16421
2328
11547
20025
1167
23448
22010
2989
2815
9100
22073
1898
8285
5339
22255
23762
20656
14853
16305
6233
5156
8055
15405
20902
21715
21962
4529
7656
6915
9110
24804
10229
11320
12462
9057
2424
21016
2127
8037
21907
9968
5877
15646
23635
2329
6091
5492
16500
7579
6677
19495
14831
5262
17506
15246
4190
1854
4272
17864
9809
3050
16687
333
2712
1054
7863
3640
8737
21589
13461
7774
6167
4466
6387
8948
20529
7179
19630
20071
19321
16310
6384
24015
6142
11456
21901
10577
14646
18933
18485
2024
19447
9989
24682
23601
24119
8588
8878
14497
4953
17748
17604
10643
11936
12653
4097
21082
24805
3901
21294
20130
22003
2199
6296
10690
46
9118
23784
19446
16947
5853
3518
284
22943
13720
20481
17005
17888
24553
21561
12460
18692
1946
17066
17550
10093
22576
21231
20079
7196
23269
22335
11204
5622
13556
8957
18622
6132
15101
19511
8201
7425
10772
1908
20067
1641
21904
22490
10708
16815
4735
16904
15934
19236
12341
5968
19616
5546
995
7003
5553
2033
21517
12397
17576
844
1188
12601
24391
280
7608
7162
2934
6547
11837
1973
24147
11428
3051
21541
1720
21734
12511
15924
7867
11928
267
23767
21451
4707
3714
23920
3048
19814
23000
20703
11297
22481
7711
7996
4431
21177
11461
6483
7458
22085
16455
102
16550
11439
16109
15220
635
12368
5838
22034
22134
23523
18338
19059
10104
16911
19612
3905
13960
7121
22899
3430
21205
11330
18284
23097
13372
15060
2186
24881
3295
2680
24973
11533
14845
20568
7222
15187
14522
6758
9504
13431
2067
1833
9619
21268
21705
12591
3703
4548
22686
19390
19322
13731
11370
21271
10966
4294
6846
4687
4213
15245
13263
17258
11781
19031
5204
12161
9229
8184
9940
23533
11611
2595
16453
20403
12727
9263
6028
6926
6872
2377
12429
10818
10025
16573
4331
17204
9340
10843
10027
17192
18626
16311
9540
15909
23175
20306
5705
17857
19401
21212
12367
21304
16407
18945
16523
24614
11695
7873
8860
12094
18261
14178
4646
8982
16709
16004
12456
8618
3453
17523
15357
19247
15022
18265
19150
17728
2521
1248
21954
3444
4153
16929
15822
20861
21941
894
18980
1799
8372
3084
10694
13395
5160
7407
8606
23832
8170
14654
6558
16115
3014
19853
9854
3309
4555
19334
13242
4390
23014
222
12206
9002
21267
4349
16596
2441
24808
24298
17276
19813
22365
22740
7544
10119
6535
34
6775
23294
22953
15973
3183
12448
12484
3711
24002
13656
7825
23219
20061
2245
4756
9673
21676
899
12176
13160
4522
19647
18154
20894
10829
19021
20610
11053
12582
14324
22332
9280
7694
19153
9391
6972
16633
1131
24437
23712
14340
23058
20956
15992
24387
4216
5249
2963
7504
1375
18372
24981
14744
18910
18419
9770
24234
11672
12453
6134
24544
10945
16401
23048
2162
23462
2003
13502
7988
20299
8326
3400
18362
7126
3181
16971
8292
19445
24833
22172
8696
14623
19561
24003
18801
24621
24627
8052
20109
375
16669
9148
18639
12344
13323
12808
3379
17713
16362
7561
18841
3857
6355
6191
2974
4304
6859
2533
10974
23938
5976
7951
7311
15011
3407
11736
24592
22221
12107
12340
22451
10892
10603
10968
3333
11111
1177
11705
3559
1442
19357
13814
3336
2707
14634
3699
20485
20864
5030
22890
17079
16134
23917
9392
24864
11009
23312
4409
21926
19790
975
12594
24667
7618
13693
3606
1857
8200
2384
702
16829
22998
14237
6173
14608
15315
17271
10240
14921
17837
6505
20779
14280
15185
19513
24446
2828
4111
13535
24433
2106
21439
14747
11940
23857
9901
24787
51
3981
10587
24929
9842
838
19450
2272
19916
193
22339
15520
11079
5155
16386
7997
20330
6751
9344
14070
16122
2266
1702
14356
6061
23207
5495
5010
15316
12599
4662
24205
14364
22735
7677
8400
5907
2210
3459
8175
20950
18649
24831
20275
20190
22120
8801
2139
12100
16202
11423
23201
5180
19336
160
16382
15877
6683
10705
11603
12977
22540
10645
12644
12794
5462
3
18140
3385
16936
6272
3049
3954
12728
16862
5709
20875
4729
20664
4161
23530
19483
4970
20526
16301
24366
3418
8444
3471
6949
22972
13142
19823
16198
3249
18561
19348
21232
6261
722
21591
16885
6138
7170
16218
15747
21977
13178
14081
19002
7524
20814
1575
295
6687
9568
11557
1669
16320
14789
20064
23186
1239
9512
9674
20885
13956
14682
8446
13773
12763
16845
22598
10726
10712
10323
21833
5212
23929
9827
13443
19810
13211
21219
9040
16273
21773
7857
22419
24570
24631
14124
4088
6507
2948
2031
24256
10832
15276
6437
3854
22633
3434
19119
10768
23948
7940
19986
15157
13694
17644
11083
20786
11
7441
15641
15443
20705
13354
24514
14245
15663
5310
12891
3638
13740
21458
1943
23779
6867
8396
5004
18707
18095
7670
4613
23189
2393
23677
16235
22374
20649
6728
14836
15481
22313
1287
15294
8752
16409
3168
10099
10854
12208
22938
22103
12899
20480
7569
20647
20105
21192
20243
19872
1572
24862
2868
8810
18179
1704
15033
6445
23093
20035
15761
22619
21747
10487
2751
5534
20323
5254
16054
3797
19449
5309
5353
21056
9060
14214
3713
15385
10153
231
19682
6074
12246
1352
1996
21678
2995
14341
8510
13360
8409
8480
8680
2161
15577
19882
2057
6369
3186
4671
9311
1784
15626
4433
18821
15874
20636
5759
7749
5574
23052
4072
13177
2178
1495
8458
23347
16670
24541
15118
2969
5983
19620
2345
3176
8524
3889
16081
13056
2360
4651
3264
18475
950
1754
13034
21011
7960
18550
3631
6796
9821
13957
21130
22676
21308
11124
10056
15133
24063
5284
6078
5742
24832
3292
6563
1613
7350
8504
17180
12822
8293
16793
23378
4876
16914
6245
14286
8745
20120
489
5577
4904
9421
22404
12772
17159
7373
2983
4104
17203
14033
1512
4003
19130
20948
9065
8535
21736
5688
15601
12487
4096
13907
19242
22773
14793
23979
19598
15557
19507
9932
9072
15119
17143
8158
16203
7550
24190
4249
13476
90
4540
12611
2142
10994
16018
449
1954
10292
4201
17669
2467
23136
13422
22749
19583
24212
16425
14390
3161
20967
18181
822
8886
21302
19049
4830
22790
18570
1042
5723
6608
17773
10249
10155
2517
12707
17726
218
20042
14589
20732
24991
22467
1772
6990
5872
18606
5206
22308
12527
9004
12885
23126
1264
5252
14790
7060
17944
11897
24770
18177
23106
5610
23354
12140
8674
19175
10566
663
9124
16648
8574
24226
22179
17931
13179
20169
10055
16636
24339
5936
6875
15388
4777
9362
8499
15627
5115
12578
4519
13921
16446
7474
3765
15462
23352
15943
1739
4858
24384
16836
4156
22770
20557
12616
17671
3580
18898
1355
10277
22575
11236
13558
1098
16463
4191
16001
16383
1890
14278
20820
6267
7837
23505
9395
23318
21849
8207
5113
21051
4819
13537
12535
24499
23374
5131
23299
14236
1211
4267
14478
12783
3700
17614
622
1402
21972
7581
14588
5201
23865
3246
15919
3118
5880
20974
24395
21337
14810
22821
8494
18733
15043
2507
6509
20764
16830
9464
14057
5530
19723
14449
20775
12942
15548
22849
11544
10756
10034
7186
2655
19881
16487
10402
16590
7874
23694
15423
4137
22875
8650
8343
22525
101
23425
22941
11360
3052
24684
2833
18916
12082
24382
19073
16194
6268
16267
15398
22864
24194
17832
22924
3690
13943
15658
13284
5174
15370
11459
18543
10642
19136
13531
12605
20195
15749
11380
16234
5357
4950
3061
12663
24303
511
13572
23909
22511
5477
1701
3788
17376
9016
23483
21573
7347
2175
23164
17758
6234
24014
15484
24360
6981
1080
17081
13580
17967
11180
8206
15586
6117
8240
12932
4199
1319
23308
1253
5520
21174
713
6216
129
5528
109
16324
18361
17234
21323
24759
13617
9565
24970
1993
12320
22014
13550
15054
23647
14115
22129
12438
19407
16765
18792
8068
144
14420
22394
17918
6048
11640
22325
7501
10374
21374
22089
17768
24374
779
8391
7649
24053
3378
11314
3957
6908
21148
11108
22989
7900
11402
9614
13154
13662
12641
24467
5408
14762
18601
3456
23831
552
4573
990
723
8786
21906
2808
16671
17943
21865
15392
5234
14837
19113
10779
7424
17775
15434
13635
23061
562
18369
6850
16045
4768
14801
22640
11413
16209
9586
18533
17968
18891
8151
23427
4610
20621
21911
6277
9933
7020
15074
23986
18066
4882
21582
17107
4413
17534
15622
15009
23125
12534
2212
11670
4847
13198
1088
20867
17080
6168
14065
23392
23249
11156
23952
22646
3196
10372
2401
20930
21124
6087
22261
933
8497
4734
2282
16755
23321
3532
1569
17416
18087
11049
7462
24046
15819
3005
24515
13981
8802
15021
6928
21256
15197
8232
4827
21636
14204
4586
12378
20796
16212
14842
18193
3388
6418
4412
5938
14427
22987
11250
18992
128
4169
12621
1005
19329
2293
24722
13072
12223
9967
13077
3195
20575
13988
24681
10673
7378
24213
11442
20254
13044
9701
14998
13001
2257
22985
22114
6997
20735
24342
1530
10753
4619
23451
21100
4357
17712
22572
4708
24827
12858
23481
2438
8019
16402
17410
15243
16087
14103
13810
11710
1144
5650
2617
11713
21109
24839
21139
14480
8116
406
12163
6830
20776
1844
11196
9555
18138
5863
7605
22409
24201
6515
21783
10784
20762
8364
6512
15204
24671
15486
12122
12833
22250
14694
14592
9852
17050
3026
19254
22913
24377
16230
1752
21994
1565
11522
12301
4368
16744
204
12061
4420
18056
12569
17481
5129
13353
9518
6686
22411
4212
2238
19432
17243
3199
889
11037
7287
1434
24315
17562
21469
567
9375
11277
11501
4252
18116
13576
10194
13236
24495
381
14090
12834
20097
21389
15657
18867
21662
4703
1039
23439
13025
22782
7120
22220
20761
1524
17440
17
14311
8612
17933
13929
6130
24112
23573
4865
13968
15829
21756
1886
7683
13275
506
20592
1112
1688
12125
62
16150
6164
19103
5934
23162
17924
14585
7109
3925
6442
3091
11553
7549
24655
3427
14409
17424
11179
12075
7843
93
15803
9832
24047
16308
1401
17744
1072
14297
23077
9862
18870
3907
9298
13099
3599
16522
24908
11103
16823
668
6202
4682
12257
6263
5481
1044
17611
2694
18858
18615
10173
15814
20793
3953
12771
12708
17497
6151
21076
16132
4030
344
22206
2361
21980
23554
23808
1429
21039
24537
4826
15235
11137
3039
9158
18901
24689
21367
4960
12836
1290
1611
21903
6217
20229
9553
19026
15120
8735
23031
2368
21522
16343
4815
21331
10000
7417
24744
1764
23839
14063
7268
13091
17400
7602
24357
2505
19112
3347
10302
11607
10350
11871
13388
4717
7037
7847
19777
15670
2422
19079
15524
22959
15066
15322
23176
18421
13488
15490
5917
20712
26
17656
8063
6607
23038
12169
2853
17856
3036
4761
13834
2176
2166
9515
4958
19690
7661
6576
19536
1860
12144
15343
8205
24554
14314
15553
22778
1731
21293
18653
23315
4376
7024
17945
16805
17423
23353
2411
2295
3644
15756
19676
8797
23356
22792
12039
4959
17200
13878
9368
18426
23440
23528
15671
24737
23174
13671
12857
2525
9238
23328
18856
5632
16365
1788
24797
14886
5469
12756
10977
21913
4912
11651
18266
2931
3308
24817
23577
17760
24287
172
8904
8717
18624
6579
7279
17070
23761
840
7629
848
6896
23718
3004
2816
8005
12543
23907
4253
5307
12609
21836
3416
7201
5389
18375
7871
23845
10788
7588
6711
6190
18852
9106
15815
23960
1935
14448
19231
2114
9274
23091
21818
827
6154
2882
14545
11008
6461
4099
12507
22772
22663
1291
2675
19245
18035
9491
21990
428
11313
6888
21866
22758
10791
12278
16864
9131
12542
24513
11687
6839
16813
13424
3789
23997
11321
2131
13545
16626
6760
22
4050
8382
9602
16733
23110
9505
10243
3592
13575
1246
4822
7204
10825
4873
769
10108
14357
2766
18113
24416
5540
5431
15346
7803
10932
558
14914
1505
3286
5945
4010
15694
13217
18803
14571
22215
15893
12523
8651
18311
16300
3141
24956
24022
8121
8780
12268
6656
11383
18472
22331
12862
7392
8772
23805
13631
886
5099
5468
9481
22797
22193
14969
4047
13883
3978
16537
5419
20586
13411
3965
13200
14931
8489
22445
17730
21793
4461
6342
1491
12504
24050
4481
1020
2462
1626
19955
8066
16422
21923
11270
22314
12755
3057
17743
1604
19619
23933
20514
18878
7658
20872
4411
2464
24289
13609
9938
10588
13761
19256
11586
1303
9086
19569
4369
22079
14370
4509
5330
23543
18769
11395
10483
168
10369
8762
12110
9621
13252
21791
19780
19657
21383
7691
24452
2801
10015
18215
7968
14959
14211
11420
1511
10901
7782
12684
8876
17592
5094
19068
15459
19050
18527
2388
6675
10486
18826
20266
3935
8815
17515
11273
11214
14606
11170
20681
20304
6076
21419
1891
345
18599
14559
17901
24653
9511
4347
12336
94
7800
15062
2498
1213
118
15261
15411
13095
18696
4142
20832
8358
16801
20805
10278
4842
21638
6910
17705
243
1499
1790
10650
14880
12059
973
2540
14668
24577
5257
16467
10835
21430
10183
19518
19671
6187
12328
4414
21742
5812
18611
7859
4857
18932
20300
7069
3853
23184
9143
4849
24824
5255
21078
16968
16993
19311
16946
10670
8000
14461
17075
13449
9098
1433
21821
6653
24713
13659
15412
3757
14128
2966
23622
2086
11343
21433
22774
12450
21909
2955
24026
2457
348
6661
8279
9533
18378
14599
24654
12760
16773
12529
23141
6345
20368
23534
3621
18521
5055
11803
21811
14710
15061
11997
13164
17212
11115
5177
11198
16249
20255
19279
16967
8807
10085
6174
214
13913
23644
14188
9659
9470
13092
1414
8284
20791
24485
1532
4608
15682
10212
4091
15507
3728
3546
339
4939
21861
675
20198
16858
21777
10855
6813
18176
7250
7093
20332
8626
2449
17731
14665
17692
8275
5114
18294
941
22602
4136
2100
13717
4407
338
2436
2385
14440
3012
10983
16827
8157
15566
310
21762
10716
14827
23160
13712
4590
1665
18468
21478
1312
5499
17674
20181
12032
4246
5029
11211
3980
20800
20492
17273
19750
16208
9946
664
8997
16192
11820
3951
1123
9495
11979
24580
23251
19667
6957
21948
6606
20350
3604
21151
12459
22980
19399
7225
13408
18412
1162
3964
12659
1009
453
21314
18723
21363
18761
22356
15019
14288
14259
6834
13404
24634
3961
5865
20397
23807
16374
18613
1259
24120
13911
1787
8826
2363
7015
24191
12999
7895
21344
16622
19363
20431
1751
3365
12554
24276
19114
23055
784
13710
3520
23749
1230
21711
19371
18921
24921
15517
21577
23889
20692
11241
8048
1458
12798
10244
6338
7343
6643
17473
7403
1065
14134
17284
21060
4585
11365
14898
15354
2721
11281
15483
24882
23096
18537
13754
3232
2592
17164
3242
13940
2574
8946
2840
22122
8236
4081
14046
8319
8676
5702
9848
9037
3238
7468
6489
20356
5359
12505
8332
22859
1171
21386
601
976
2097
24243
24221
1593
17804
9955
3581
1461
15978
599
23692
2549
16214
12192
22694
15172
19664
15708
24222
1058
744
4195
17957
11035
22322
16998
23637
24791
5795
21168
6720
9717
7849
500
21112
8566
16447
14755
14300
17605
22963
7587
10632
22135
17173
2880
22570
20707
12604
21976
23531
14562
4277
24721
21461
10750
24166
8360
10792
18133
11821
2781
17766
19382
21241
17948
13512
12297
4427
24498
17993
16938
18078
19373
17490
1827
24292
21145
18758
2793
5179
13319
13006
14531
178
5600
24789
21770
3059
7882
12489
20890
7396
7464
8776
3458
16370
24699
23283
9777
10306
11132
3069
8193
15288
17808
15521
3834
2214
9541
16840
8481
6029
3198
20877
14123
23008
22260
23286
23793
9538
3355
10477
16025
24321
23406
680
10378
22621
15516
3729
20671
23935
20527
13338
638
22056
15826
1897
17612
7779
18110
16346
19147
17504
11033
6004
5716
21366
12662
5881
12333
10806
17840
18075
8749
1432
10687
759
161
10926
124
8579
4103
7406
11175
13306
20538
21917
8589
19543
1296
5891
1181
2485
1460
7798
17549
19883
24596
10327
23071
8161
7418
11073
17127
4965
22645
6377
3190
20567
9361
2301
14527
23871
5613
15820
10827
22380
9297
5670
3705
11602
18823
9605
17938
2506
15602
4507
18990
2140
24076
4743
8062
11816
21955
1878
16432
21894
6256
16949
14902
11153
6235
22716
9201
17653
9322
22966
1590
17457
24431
16540
366
11675
2587
19994
16533
21610
19116
8173
12651
8766
5809
14382
22233
16017
9139
11828
6776
17358
22315
10121
20189
14813
287
22777
13627
13195
1036
6026
4406
11458
10137
19184
19095
23411
8743
2174
9155
16942
1629
19661
17333
13146
1151
18376
18776
5061
17505
9771
9020
6017
9985
4820
23089
11129
9823
10345
13854
10170
15966
11487
18725
819
10838
7038
22092
1195
16748
6364
16005
18459
16601
10695
14857
19292
6215
17431
17862
21353
9609
3666
12560
282
20887
10227
11609
2213
18711
10430
5293
21418
11275
23769
14199
9486
138
10263
3293
12955
18150
3380
8303
12437
21280
17034
19773
14395
3273
6707
2402
16322
3733
16011
12423
8623
18551
6577
17465
14809
19221
2150
8252
18918
765
9049
11673
9275
14678
8238
21993
4229
23370
12385
10022
16016
10089
18883
11285
16036
20232
22228
169
8936
17484
15178
22923
9523
2968
13400
612
508
6984
3423
13118
14966
19592
2784
8779
7918
20995
8879
22132
11701
6718
22653
7054
1983
7008
4102
17478
16468
24604
16239
20659
20045
9997
23763
20941
9233
24040
656
10107
24385
17950
24806
24875
7908
15937
7714
6439
21809
2294
9987
15298
3879
16165
23063
10154
19662
11849
20745
18596
5146
5615
17759
23474
11019
24352
1805
23128
8609
3369
11723
6520
7371
1286
6310
22926
3210
23358
3241
5954
2615
22355
689
8070
21481
7986
4896
5239
21459
8164
573
8447
21685
550
17556
6882
18130
300
13759
20766
22077
21621
19275
3706
7265
17917
1717
13000
21422
340
15417
5545
4462
20377
19681
19913
24093
18067
8352
23904
14840
4282
6646
19537
2746
2909
3361
2870
21719
15079
16181
23
10410
14716
17520
24111
13688
4599
19968
2137
20907
21434
4062
12074
21946
1370
11770
14238
21641
14745
2625
13255
8445
7939
16378
18701
141
20286
20241
497
17661
23657
16558
17779
2119
24871
20292
454
11080
11650
24308
9397
20024
15684
20400
15432
11664
22737
22674
643
12156
9763
24955
13296
1315
19637
3611
4188
19342
16933
22615
18271
1173
16426
9737
19160
6681
2132
845
12398
3457
14517
19794
1454
2842
2011
9592
3848
18457
9975
24990
21752
22868
24967
5120
18773
5316
557
16606
9911
4025
15252
22508
15529
6695
23927
16066
15466
24546
13369
8760
8003
20131
14712
21835
22158
24351
16571
18632
5496
21884
10617
21640
4652
19269
19627
6842
7505
14909
15791
24753
11814
66
19613
16306
14824
15305
3134
16696
6041
7896
17595
2318
16095
7993
16644
19753
24266
19989
8839
9190
23560
4307
1410
11018
23932
915
12346
12370
21102
1255
12861
10035
6238
24897
6491
19287
12688
1753
13744
7405
21334
13592
13633
12787
20806
1564
17350
15418
1233
1843
8897
22813
2041
7869
473
10294
5981
742
15469
6754
22502
17013
10127
13812
15442
9818
6394
16219
11800
9252
2447
3021
4014
14161
17880
16661
6545
2157
17662
18184
20825
21375
18427
10941
19728
2491
23094
21832
12121
3730
18515
19358
15804
9863
15266
17878
8144
24115
5222
5818
16024
17954
15655
1578
11389
23383
9453
5461
22920
22878
20574
17153
17099
15126
22084
10028
2475
17558
24874
11234
3087
5729
23198
4263
6795
21565
2790
3425
9055
13374
6530
20026
12230
20052
4995
3300
2604
24127
12005
1175
1950
88
15200
18026
17219
17801
15309
19552
17896
16790
20584
7904
19340
22647
24579
12799
12451
6845
11782
24616
19939
18847
6353
16982
7576
24648
507
9320
16097
25
3900
11551
5679
16360
10514
2570
24954
421
16925
13087
5605
5007
24106
13758
19797
8197
11507
22713
15231
17496
1302
13880
7391
11980
8223
2552
4184
5148
18915
21902
9888
16732
22620
24730
1316
3783
17739
22468
4129
24867
11372
17435
14028
21019
4985
14546
23145
13767
4864
7066
14003
17106
17965
8701
11818
13014
5571
6451
6694
19893
9833
11217
15767
14466
7248
11427
14942
5839
24947
16445
3626
11014
17381
17555
9487
4457
23632
13187
16039
2263
20316
9750
1265
10592
12245
13290
14004
14145
5712
22949
20727
6925
1428
3360
7917
2920
2779
2658
15180
1697
21880
12568
21958
9646
14582
20453
10999
15387
14249
6810
14826
23951
11016
21188
6456
23435
2096
15165
10869
22802
23413
11128
11329
12667
4299
1587
13600
4066
14749
13844
22231
7091
1880
10682
17272
24367
21686
8180
1825
22634
18680
5243
18849
20626
8769
9182
360
5601
20238
11176
9865
9422
19595
20618
24800
13204
24971
10785
6992
16368
19486
10255
3897
7131
22417
14074
19007
18156
7316
10040
2013
15515
23687
5730
4595
1378
22863
7226
16860
4186
2005
19146
16887
7826
2279
5382
22609
22435
7842
325
13695
12403
5480
8491
7600
16653
7018
4526
9348
18815
4635
8621
17620
18183
659
17718
24633
8204
8328
24828
5371
22666
16761
12665
7057
12875
790
10544
16073
7990
22810
21649
4483
4883
24565
15790
9812
21046
10175
7274
14303
22658
11397
7947
5930
6421
19895
123
13501
17701
15044
24178
12496
3695
3820
1810
17413
2063
15237
24320
17194
20471
1868
24504
3994
24931
503
6291
21247
10896
20823
21379
21758
12614
1010
7861
21274
8820
4867
12847
9513
3800
5753
19281
15440
11206
7357
18178
7577
20963
10820
23964
3491
23559
3422
11894
9315
16206
19470
12049
3473
20411
7697
9374
9961
23232
23206
11232
670
19900
9700
768
1109
2807
12647
24154
16775
17919
6332
3603
8043
12483
2483
15555
5692
22522
7460
1727
21483
3392
12579
11286
12840
9774
16019
5999
1314
2735
16656
20697
15395
6905
17732
8437
22880
9661
4594
4771
4223
14436
16763
12773
19008
1091
12339
3883
679
2111
21647
16084
1619
906
14468
24556
11245
13510
4918
16912
12101
9993
13897
20822
21429
4341
21597
22440
15176
23245
10502
14870
3073
8095
1895
17922
18949
17064
22605
10856
22660
24814
16853
8922
1835
10124
14308
16569
12829
836
11888
9208
21326
23084
14264
7965
24087
15384
20290
14435
19805
8774
15230
7851
16699
23915
21324
9043
11405
23641
8887
7636
5072
9695
6635
1643
15334
17925
13529
21813
1518
21411
2771
19665
21249
18665
22960
8021
4143
1570
22287
10373
15818
17307
5015
24414
20269
23578
986
15449
10793
20370
10337
18988
17462
2480
6308
15899
10391
5652
17909
9868
13932
12642
22273
14202
9259
2116
10355
17826
20737
7070
6019
2933
4686
22537
13375
3494
3873
5396
22745
13205
6396
3582
331
24781
10180
21774
7154
14394
6107
15951
18446
13458
15482
4832
4101
14735
22035
7404
5921
13017
23820
6363
16526
15837
12725
17451
15213
13294
11990
6510
4225
2046
12090
2642
15931
5665
24676
10230
19004
12924
24069
16618
17588
11953
11733
10117
13059
15593
20482
2726
22214
8355
10103
8246
11549
6465
22755
17566
12710
18687
5842
5344
13882
19014
21936
7949
5320
4302
20339
465
17208
4902
11994
1892
4159
539
22988
16779
6313
11935
24666
23170
12963
1883
21069
20225
10611
119
6249
14302
20729
21510
14920
19817
21397
7046
7078
14193
1563
19890
12427
2069
18987
15163
12185
3548
10624
15948
2987
5952
2442
6672
20981
4260
11543
10936
10400
8466
18365
8792
8673
20774
22405
17304
7603
18583
2477
15841
12982
1606
10972
19159
23897
19894
4609
19500
5474
20895
4432
5617
12131
5867
18297
1229
3616
11556
1879
20891
16616
5806
19468
13057
1573
19524
10363
23423
7623
20999
14481
19389
1523
6824
13168
10995
12210
12948
8514
13262
1469
13901
4570
175
1029
8110
22546
7946
17452
6797
22583
8259
24192
23800
4363
6196
24402
7271
1409
3288
3217
10589
3739
22873
299
19186
10171
18128
11436
7413
21778
14007
18417
4241
7778
16528
9188
8493
4395
2387
23029
7200
18182
12990
12263
13967
6178
17256
772
23649
23879
17687
20314
251
7879
22182
24861
8800
9624
23799
208
21885
7304
2486
10572
11962
19434
11608
11074
24895
6092
14675
3566
20329
19374
24302
393
23702
3537
22876
19590
4718
8882
14726
7125
6344
16916
4506
11731
4339
8695
2638
13746
12691
11034
15364
19101
22230
17098
13942
17104
1997
12087
14098
15107
24915
4243
8963
18290
24703
1912
24602
1798
18325
18671
9896
18212
22232
17354
12695
10946
20893
19422
21055
22177
22069
6921
1725
15771
11519
3785
24379
2302
18505
15368
21674
10548
9573
14060
17897
21639
22901
6049
6487
2091
10893
7835
6715
10639
901
24635
5219
20601
15812
14841
11725
10012
8189
18889
4962
11096
21224
10625
1492
11202
18739
1849
5421
15189
10702
17703
8036
8761
16313
22656
22954
13085
504
11172
18189
8610
23296
2381
19502
17146
3682
1815
11605
11668
14274
17603
24428
17859
9349
20406
572
12750
755
13768
16272
8812
16657
22086
1609
6821
21764
18663
21825
23295
417
12877
9723
14553
19980
10763
17441
11931
14635
20260
10522
11210
15338
19325
18676
8091
23072
19685
13636
17589
19642
24365
10380
4454
3222
13739
2276
7437
10599
11853
146
16568
15735
22249
22837
69
7282
20632
19581
10529
6133
4278
5768
20473
23323
14451
8407
9048
7277
14252
513
14009
11460
17229
23478
2548
12095
17738
5508
19000
15713
22626
2709
13626
5195
15806
4151
13701
11378
17926
21325
20317
20590
11593
13363
22616
19799
21446
14822
15795
18040
215
15719
24984
3219
7178
16326
19306
22458
13851
6673
11358
17477
4845
18610
20149
3197
16479
9740
12965
13750
16021
17136
3151
6304
8342
12914
2289
5796
1674
6237
8199
16078
16966
1608
10809
10745
23901
20080
18975
2227
1837
23673
11754
7330
19940
11972
16207
12690
18753
4583
24685
15218
14539
10561
15122
19230
3755
20345
248
14338
21346
145
21806
6691
23918
18563
17082
17951
9583
4148
2060
3639
20866
2730
6496
8122
2392
14526
4611
9177
16785
24189
8058
4240
19135
18607
2567
14097
15989
8078
2313
15389
7743
14432
9531
18239
24486
2805
5145
9431
