10753
941
7066
12278
4111
18095
16360
6545
20195
8983
21813
22926
7865
8486
23353
5309
17013
6074
8372
14144
14902
6824
13576
18858
14252
2411
8831
17272
24808
4662
15197
16097
101
24804
19068
15761
17592
14527
8444
22878
17856
23731
3747
3951
20705
8607
16993
22192
7676
10676
24604
12836
20884
13374
664
11713
22773
4190
8510
24881
11439
19590
4635
23933
7863
2507
12451
1074
6249
24875
24655
21589
22325
17153
13363
6686
8796
17631
6317
8062
4901
22923
1983
20243
13354
22056
14382
511
7054
21778
742
21678
19112
14379
5410
18066
10642
21208
18829
11372
11501
5832
6859
10763
24781
562
12861
15021
23763
18130
14668
17452
16425
11024
3789
21719
3751
8180
17880
3473
4527
4136
12578
7965
5480
204
421
12392
24884
15718
10561
16018
18701
23384
18667
595
14659
13828
6841
23249
956
23528
2294
13834
13294
7697
21696
12527
16712
12396
2140
20887
12703
8238
2808
16733
4307
5131
17619
24137
5710
18419
8052
18380
1434
489
2552
14341
15418
13252
7714
879
5072
21267
2212
7522
428
11150
4244
12891
4522
18841
21434
13160
19337
6363
18456
16491
24289
3907
16765
20949
15388
9931
1098
10750
17557
13432
14124
18932
5120
19583
3761
24645
8048
2033
4995
22745
18802
20621
7078
109
23072
4879
14098
14545
3729
16218
17713
12977
12341
11962
24954
5983
5952
11018
15937
17951
8078
16017
15405
9846
7694
8325
15919
4585
6142
9120
10004
14646
17590
6608
10227
2384
907
17938
9995
16109
6577
4159
13820
23566
24981
3264
22193
4832
11710
2694
20510
12437
15432
5999
18632
24125
7658
7587
12557
5546
9907
10025
3788
14841
12333
16198
11770
4847
5720
5759
21734
7527
12924
2238
5552
24805
1346
5371
1730
7201
20776
23299
6091
19581
22905
11246
24816
1912
24382
14297
1213
2074
18372
11297
16174
11664
11551
14440
14460
21621
6238
4243
6154
24973
12783
1898
13085
7032
23904
5469
22849
21958
2313
8409
5201
3217
10712
6483
1584
16924
14340
19831
3134
11557
581
5408
6310
17558
14827
11905
4919
3686
22927
12024
6180
21268
5379
2920
11377
2363
17991
11175
17423
14378
21777
1157
8415
8058
15529
24307
500
3942
3832
4260
23718
24120
5839
3425
19960
5938
12423
12075
17857
1665
21834
15043
11211
23889
13633
7501
15839
2467
18901
15054
13044
15578
4225
9143
21911
4184
12429
15948
5745
9038
5165
14553
10896
1123
24266
14178
11687
17335
3731
14063
4246
6217
4734
11066
15271
838
9675
296
7918
13011
19221
4454
13960
20350
18162
2801
19537
1193
20587
6132
2969
7623
6167
2595
1717
13191
12462
11459
20427
8621
513
4534
8604
1702
8878
1065
16936
2302
15484
7711
18025
1173
504
3660
2853
23029
15409
22637
22233
7246
3400
2266
20266
18852
13957
14033
11057
20030
3714
12554
15931
7248
12010
11853
1071
21451
15352
21256
20198
8355
6002
19940
3559
18322
2257
5656
8745
22570
15423
23767
24213
11849
19690
12119
1787
910
2806
15163
22841
2438
5693
244
14049
6957
16779
7407
5243
16181
3351
12301
8163
8717
11352
16228
23038
19014
8003
6606
1613
20636
9540
12787
16202
10034
11428
13284
15385
11286
12534
4876
10726
23920
12090
11574
4094
18325
3337
14480
21248
2162
8792
23977
11170
15231
7677
5152
11153
5015
2790
11882
3291
9750
23694
12976
14840
18856
3766
17773
12674
13840
10632
14347
4089
8673
4939
2245
19119
5809
4862
5530
16815
5257
4406
22772
18434
702
20206
10079
2031
20400
16966
8375
18769
15593
20995
24721
6707
9395
14890
20903
28
3416
8676
22980
13424
2992
7424
6487
23888
22966
25
16370
19121
5206
9591
12074
13200
8577
21082
22
21029
24557
24931
2329
2097
11402
9016
15934
9110
10639
7343
23179
19322
24631
4274
8626
9397
6587
11281
22471
17837
19664
15524
8412
16356
2816
15795
15133
7813
1697
18294
16368
7503
4161
22419
19329
7017
24377
4573
3783
4132
14562
17550
24915
16419
8504
19382
5497
13717
19612
11672
11611
8458
2966
17974
24320
21945
14004
5357
454
16219
19634
8826
20819
20823
21039
4611
8728
4363
17375
15387
14877
9422
16161
20246
11080
10793
14003
12644
10999
1091
6415
16463
12005
22774
20411
21121
16656
12385
11427
15066
4570
9098
8236
3465
20526
154
19893
3347
13179
1619
23800
7371
4707
24984
8073
3249
9714
6441
20097
21647
3584
7878
15343
14744
20473
3222
15165
9518
2572
13164
14157
13000
21418
16346
8767
11312
20769
17704
12052
21880
19895
6191
23898
3107
11343
16864
19427
15684
12430
23578
18140
14204
4864
3580
15466
5688
19321
3682
22404
24256
15566
8749
15483
10303
22439
15033
24737
4697
24147
3739
3728
12097
19445
21896
14314
22206
2385
9674
16313
21522
1495
18832
9304
20788
19511
15814
7265
9939
7544
13471
1611
24366
19298
21885
2175
20431
23622
20052
20601
1942
23721
21461
17237
15218
2896
6773
4461
6205
11479
22875
8318
1188
1954
1727
17318
19794
13476
1320
9736
17449
16998
15370
14959
13740
18193
6003
12455
1364
269
9229
15346
13255
9851
2615
20963
4904
12999
14135
18753
8193
23982
2483
14781
16657
22496
8566
16971
10784
24971
3727
13086
20626
884
4411
5637
4186
20915
1973
13825
21941
6229
8035
8252
18719
17195
9307
15719
14880
19325
23093
13319
18476
1255
17962
1248
12482
12448
5981
2475
24627
24111
5260
21637
7306
17926
13341
14710
3370
5692
19946
22949
4099
24212
23318
24955
3561
23777
17730
12794
23857
5392
13478
16165
20568
17739
24063
24110
11389
14815
7015
19881
5007
22758
8743
14007
9431
17661
7128
9139
168
7896
3407
6246
15767
23702
7274
6078
338
9901
13408
4172
10132
9967
15042
16267
20592
1302
12829
6993
23000
21752
10617
16447
4581
17832
9298
11821
2082
19620
9155
4867
15303
16860
13360
12336
24833
16540
20298
13988
8761
8602
16004
17164
19203
19161
20659
10645
3197
102
24450
13404
16305
239
20692
20356
18758
4282
11152
3540
23283
21685
20225
1891
12773
4918
7178
5945
10946
12032
24635
9002
11936
16528
1432
24344
19495
11650
3219
16089
6925
24589
12798
10932
21050
20494
6128
17703
22391
15515
21280
23849
20775
11586
1532
15398
17410
1844
17862
9190
3961
24469
713
1171
17733
11678
350
4103
19823
15107
18787
18311
15434
14097
14219
24191
3176
17276
12059
7320
784
6681
16801
23686
20527
69
11320
22250
2868
19536
7026
19900
13618
17509
13897
8623
7524
24671
4861
15204
5061
11204
6728
19153
9586
12568
9391
14749
10599
7822
3459
3831
16273
10400
62
14468
22621
3192
15553
1815
20071
9568
4953
12188
20703
17728
16709
20181
15289
8652
4656
11103
6519
18613
4427
1575
12799
10673
23915
1313
1993
19256
21903
10973
15527
11675
2867
23505
10170
2210
9377
17731
11547
6387
24990
2712
9840
20800
1086
10093
20712
9701
7549
22609
2361
3606
1563
7378
23084
20825
4506
23245
16523
23321
8200
7280
2402
5035
1312
4743
21715
16409
23602
3785
9464
9993
24686
22837
13153
14836
5396
3109
10148
11206
17505
22797
3736
12823
11609
3640
14588
21546
21809
4583
17766
19792
4857
17360
24053
21379
22876
1142
11413
13449
4717
11270
24231
9942
10675
9533
23219
21076
17477
4047
642
6579
8927
16942
17791
21100
24244
3872
3471
9512
2525
7316
14608
15157
11663
1929
7636
4143
5477
14462
20774
20237
12523
19021
23656
19150
12192
12487
6087
15518
24431
22324
2695
22101
8815
8364
8619
11378
14921
23417
23601
21363
22792
16606
6369
22265
4106
16775
21469
3553
6683
23425
9979
12426
10381
16949
12971
16526
18693
11172
20974
4735
10732
15074
6377
8089
8772
4826
6981
18870
4324
1112
5540
9495
12763
18611
5795
24565
976
4708
20480
14998
24504
19552
21166
10818
5877
6695
840
4294
17595
6496
11630
3566
2381
24342
8407
19275
402
11705
755
20238
18926
18213
17549
7109
13382
13275
23308
13837
20681
6839
23160
18468
11887
3292
24495
24387
24243
22899
21865
1790
9592
3621
1892
22003
4797
17435
23164
16021
12340
12708
21079
17261
1469
4704
6976
22298
7999
1774
5668
17357
13736
14131
1772
16545
3308
10972
9349
11608
175
2691
18537
8491
1833
668
622
66
679
17931
6076
21990
9508
4203
6027
3434
20872
8173
15800
20304
16234
975
10155
4433
18026
12834
17917
12409
4304
17333
16382
7271
12628
5254
14745
3458
18752
10022
11234
23155
13712
24759
15486
18212
19296
21821
1286
7605
8998
16320
7396
4686
18375
9182
11487
24812
13091
17612
15357
6718
779
6754
508
765
952
20035
5550
11370
17284
119
4212
5954
360
1883
19512
2805
24446
12225
20766
16455
344
4153
19160
23406
12208
12611
19188
24585
4347
14920
16790
16402
12486
1606
23586
18152
6838
656
23295
10373
15316
9470
5390
9471
23201
6905
21705
16548
6915
11975
4586
18849
19470
12943
13878
10907
12939
4887
2968
18527
7003
3797
24154
6711
13182
5853
19647
3826
7287
11997
23831
22313
17604
13512
23644
21247
18515
1890
16537
11897
2127
19662
1572
14820
20603
14665
19661
21597
12847
1401
17258
16212
20737
23832
11232
22960
9037
6366
2533
7582
2213
1573
2422
16638
14678
11277
7196
24287
18823
20790
12624
2574
17888
5495
21326
4025
24577
14966
14546
790
11405
4030
10212
20024
10806
11560
10362
13256
3457
2369
9208
17957
7457
10827
17576
1036
11973
24947
22941
22575
5369
20591
7126
19279
3953
5023
1039
11512
10901
7602
4096
12591
22859
4799
4483
7851
13443
12526
12456
5482
5718
13419
24234
14059
11525
9368
19810
23673
12397
12050
19493
20290
13761
6810
5742
6896
10137
15354
5421
12484
4544
12368
19184
10716
13693
24302
20885
7228
21875
21913
4671
5651
845
21357
13537
8332
6758
13545
10012
11749
15708
539
91
23784
7691
16946
14755
24050
12297
10779
2091
14302
17202
208
15140
15832
21429
22610
950
22135
14735
18673
9274
17081
7997
22035
14517
11288
19809
1058
9833
1590
295
7993
15062
1996
4777
14308
19595
20377
16627
1160
21314
22435
973
9947
21820
3199
7618
10268
4729
10479
9531
18142
8610
8735
2119
9911
2132
15655
24264
7947
16911
6107
24249
15521
14198
13854
10277
18139
13237
21139
22805
18680
7373
10531
4599
5195
11079
21323
5869
24929
10977
10690
12609
10918
12738
21954
17322
5359
22640
3234
14211
21904
20397
9661
22232
24093
15394
20779
12291
11605
20570
23435
10825
22073
21439
21711
17738
1020
22209
18649
18421
4091
19565
12914
5462
23413
8714
16769
9624
4718
7347
17760
2293
15482
16601
15812
18610
7687
21591
5496
10544
1523
21962
12263
11365
6576
16773
13006
12564
18239
22273
3196
21055
3650
9297
18176
15213
10173
5881
9275
22863
19103
14712
14043
16247
23581
1355
5934
23126
10748
6635
11442
21773
7951
13609
4884
3488
21901
19642
12760
9834
5712
24091
21559
18599
3430
1461
19472
1175
15189
2150
7060
23378
11128
3901
6437
19336
6908
22901
13372
19672
12750
5155
15874
16518
22034
15898
4960
11662
22014
14245
13949
16487
14813
1880
19627
3151
17469
2892
19374
6028
18675
14953
9065
8724
24864
18048
17922
16081
9575
22540
22537
16533
8589
8043
17694
18871
20786
4201
22335
15627
5231
16122
7048
15061
9158
12367
16303
20130
6776
20066
15796
836
5115
6557
23136
11210
7179
6134
24579
7849
13694
6133
12665
4520
4703
12253
5613
17208
8813
15309
3638
19728
2174
15412
20026
5907
15246
12347
15741
8489
5296
17009
6720
480
18765
10104
12584
2282
21756
22953
11425
3388
22417
6842
12489
11201
13578
17146
21165
11215
12899
22228
14886
18533
16887
17877
1246
10472
8223
8802
23031
20064
6928
19186
4965
819
16134
5307
2751
243
19871
426
22481
22769
21386
24789
15237
12875
3438
10788
13178
20806
3939
10603
14539
2480
6512
24433
21344
21764
14079
2675
10588
1328
18606
4420
8161
11980
1489
14023
20275
10994
23063
772
20297
22411
7812
11556
10307
22539
817
18265
20585
18760
9453
16573
17906
759
3012
22287
19777
7199
13315
10299
990
2592
6425
1151
7404
2658
1886
13883
11871
17099
5174
3051
20967
11994
22662
1303
7908
14451
17182
24486
21188
160
3210
406
12504
14324
2587
12161
11532
15517
15994
4388
5345
6509
1512
23523
16383
1799
2139
11461
10615
4653
11096
22332
1868
14436
1570
248
24132
18342
22221
4652
19079
16653
16205
11176
15671
18826
7508
10643
4962
24523
7437
366
19101
19236
670
1967
12280
2624
20345
1068
19723
18551
2193
5474
10040
9311
23997
10175
22605
14936
7477
7986
21980
12617
723
11127
16956
1743
7765
24562
12011
417
11420
9842
6394
13154
15808
20492
4548
1935
6304
17924
12942
6421
23077
2802
6984
22214
17925
5601
9072
915
3190
11179
7992
15279
22152
7803
16025
12176
14747
16813
14009
15822
8328
15551
3241
17692
15878
12417
6563
9504
17993
16326
22914
7311
13789
22000
7826
16374
4097
16203
24722
19230
19979
21019
10587
3848
6237
13483
17669
5010
20339
18110
15118
22882
10375
18639
19113
5650
16732
6384
22260
5055
22079
3004
8680
4055
9985
16322
614
4142
14845
203
20255
4959
21346
4253
16150
7231
24592
2539
11668
17243
16306
20109
22490
6582
1287
17688
34
7192
11008
17127
20557
21433
12877
22938
3049
8781
17532
24457
11715
20671
8456
1704
22317
17479
12822
4761
5520
24832
24830
10384
12210
17629
4223
11940
15804
12599
12141
15122
24205
251
2485
22331
16618
9515
23061
17064
13782
23347
17431
19773
8766
19883
19340
17603
14530
9487
23573
20529
12948
9868
3052
14065
2974
12328
12601
8329
23762
6173
18883
3
19563
17340
7431
11828
6048
141
1843
9040
17079
11285
20757
17779
11198
5555
7996
11267
13942
24553
23204
15176
13217
19228
9130
8203
19790
12101
4279
21573
10345
14916
15449
12246
18128
24385
2548
2307
17246
1860
16214
22633
1879
11016
12107
5177
3631
16805
8170
8769
21784
20678
11935
393
17180
2726
22418
15003
14370
18229
2328
4682
15619
24956
3692
9865
18301
3603
1005
20332
22488
20894
17710
3427
16450
8465
24416
17718
2498
17775
20131
19507
23805
22445
18257
18891
7775
18369
2106
10983
11953
12963
16857
16206
24744
18761
23207
11313
3069
5148
14909
3273
5099
23938
9672
12227
138
2486
14280
19125
10249
24178
12710
23294
24654
5389
4687
2649
24119
6202
348
21791
11725
19412
19817
17864
24703
21641
6008
19446
16885
19390
21221
23779
20368
6279
2137
18491
18878
21046
15250
3444
7835
16853
13177
12690
17473
19450
18992
4216
16289
7258
21205
17944
24485
13885
8175
23677
3592
24874
6804
21999
7391
3755
13204
6396
13484
20867
8204
3699
18550
16422
3309
14104
146
19276
13810
19685
18242
3861
9888
14357
3520
19914
20151
16282
14623
3360
1707
6273
284
3039
1849
22086
13900
9555
15877
24801
769
23918
1608
9003
24666
15837
23048
21352
8487
15596
23875
15245
659
16495
15641
20470
23929
7874
11781
24513
13095
15819
1609
16011
16648
22434
3582
24602
17350
21177
4229
24675
20323
24391
23952
23251
7392
13358
19042
10144
2387
17804
10027
4865
12529
11196
5729
3964
21955
12641
2931
1784
5865
20025
21627
8391
23533
15626
21686
6795
16968
5646
13940
17484
3078
17376
1946
13087
11984
9523
1997
13967
9020
14809
10327
21699
18261
20079
93
20406
16671
14123
1253
19637
7643
22290
12450
11818
9579
6418
2617
11888
17219
12131
7600
13025
11115
24089
14418
8499
23719
11769
473
24189
9919
12476
17050
23053
24824
15966
7442
23993
18032
550
12542
24676
20656
7629
5262
2929
20
15924
16054
21582
15266
17523
12087
8330
15172
9435
24395
4014
11436
2684
5796
1402
7831
3965
10430
4341
15841
6049
7705
24682
19799
11670
16235
22755
18773
17662
2388
6797
17677
11817
4646
20269
10306
10589
16925
5569
4081
19989
14969
10624
1754
13198
21112
7949
20337
6814
11250
21510
6972
8732
19667
5534
4830
2301
9740
22777
15288
23530
16626
11723
5353
20586
21751
20791
9252
4410
15101
21767
7857
20804
822
10756
4590
13059
3029
24351
14870
3055
5461
13981
23687
10809
333
18988
10402
1442
21979
19399
21192
21011
21366
15180
2063
17203
4462
16442
8497
7131
11861
6882
24150
14822
23253
11533
675
22954
19447
20657
17674
12533
1042
24208
19543
9421
18386
24643
2449
1643
8887
23649
4815
21622
282
6345
6813
6990
12185
15285
94
4509
17897
1908
7790
4240
13759
5679
8973
1837
6641
4249
8091
23050
24059
7120
3733
9997
9987
3232
3690
15815
22508
20292
16875
23664
12563
9946
9814
22219
3059
2442
18133
23880
2401
11275
24897
5239
20866
17424
8612
15243
21383
5284
2011
1989
5730
10926
6404
21662
18816
8376
3336
15119
16568
8383
13771
11083
7008
9646
18563
13627
20575
23641
15713
11034
12569
8068
18847
331
2983
9913
24546
7355
17317
6969
21517
20481
223
22380
19177
21832
13142
23663
12771
15747
4610
2464
22890
23071
2005
9938
21994
17945
18436
1195
10058
1731
8326
12885
22873
13510
2815
10941
11505
11816
10194
22393
14134
16979
14810
6233
18776
11814
2462
24704
11049
11593
15060
9457
10772
20358
23399
15151
8912
8872
20999
23431
1073
19665
18916
18707
11202
18056
4594
4902
17173
22790
1913
12337
15206
17605
24705
10832
16670
5114
19496
21833
13592
220
8650
13195
13388
23125
2505
590
17909
10997
10908
1128
3599
17726
6846
21056
9891
12605
23186
3546
23462
22388
13913
13635
18206
24014
15009
1511
4882
5768
1290
3453
19561
16453
16301
5600
14518
24936
23467
6305
13422
23909
1751
12275
17106
18252
2987
1314
23657
12535
12685
8760
21814
1389
11273
5568
15818
20129
16343
6115
8246
14466
3666
18035
24142
15643
12353
16600
3026
14074
24040
3499
4413
20241
22782
24190
21422
8070
4137
14273
17725
10650
22220
67
23198
2840
387
10256
15305
13099
15338
10483
2948
22631
3673
19524
1167
8860
10776
381
12230
9201
5705
1010
13035
12691
16607
9181
15951
3246
5508
16616
12560
3198
6489
12543
20105
10855
3898
494
17005
18072
12266
18397
21459
5813
3118
1265
1798
325
7683
15750
21861
3581
7226
19350
8400
16836
12622
14096
12645
10777
18521
18821
11002
3616
7061
2077
18175
17483
14682
2318
22686
18075
20718
24641
4507
13461
416
1578
9194
18483
2766
6261
11009
6691
1752
13353
13233
13445
21977
24018
12579
24106
16407
90
5128
5464
22092
14427
23577
7357
2721
19334
3611
5249
7084
16115
8997
6019
13236
6661
20234
6364
21325
22580
13695
5192
20814
1569
11241
3418
410
14435
5842
9023
21639
8696
16300
13458
20727
14931
11874
14606
13818
4713
10244
13720
17943
15510
14395
15735
24026
5944
21907
9708
10838
8839
12339
10557
3183
17098
9340
11031
22602
750
14020
16938
302
552
2060
9565
7481
21330
19401
4369
14525
19483
6138
19050
2086
14522
2295
8915
8066
20314
9749
16468
19008
8121
13502
23531
17134
16699
4712
10263
8122
8199
123
23937
5690
4349
15443
12506
18156
20689
2491
9968
21478
24318
17129
20940
20330
8116
1725
7222
21986
15099
7778
14849
19292
5590
20930
24596
6355
21016
19737
19513
19254
18150
4213
5702
22864
16357
11531
19146
5936
3839
15469
14420
7670
14087
8701
11707
12056
23845
9763
9854
14394
12825
5409
10108
23128
15022
7139
15682
2214
16095
10670
22199
20523
16785
19159
9573
7080
2024
3048
24634
19026
24787
18867
22427
17768
16827
3612
14675
4481
19891
13497
22466
22959
8762
11782
2237
9481
8812
22576
22517
1275
17896
2934
17192
20761
6656
19035
6834
215
9538
24882
8360
13149
3706
1788
10117
23184
16039
12223
22409
889
10127
16262
21902
16194
24928
12965
2870
13643
18987
4951
9602
5468
10153
16045
18921
6344
17879
24278
231
7441
21531
6910
17315
6375
722
1233
24696
13558
9692
19078
9380
5416
22658
17812
899
23226
8446
150
4087
310
3187
9491
2995
20889
10119
22868
14853
16073
23175
1840
14185
19247
15693
15235
24570
16401
19371
2276
8358
2114
24339
9723
5665
6612
22103
18696
9322
23635
17159
7576
10229
18362
17933
13773
10121
5448
20618
19805
11820
2784
2586
24556
12808
13211
20515
18665
22114
8946
1923
15622
8037
5917
589
16908
1259
17490
9556
2338
15126
23272
23471
24292
2506
3166
11731
8519
22467
5726
11254
19780
14993
9619
4609
20762
3084
19248
23692
15820
3030
20956
9607
1739
10854
23097
10598
18284
23879
15943
6155
1624
22943
10085
8524
8494
4326
15899
17353
11458
2166
2297
4873
24323
11928
18344
22778
21063
21158
18271
599
23058
23951
16207
10240
8546
5615
17143
8611
15556
3293
22794
5160
14481
13612
6190
222
16467
14793
15298
15178
19613
2746
18459
17644
21539
14497
21818
1533
23683
19980
13395
5316
16332
2955
19358
18692
9823
15294
14371
6130
2745
5970
22663
6918
19306
4277
21051
11642
15893
22356
19548
4102
6256
14837
18607
18570
15657
9560
1041
20317
5918
11019
21124
11190
23948
13932
18184
17565
18098
12438
1181
1208
20232
13092
19346
11129
14432
19114
3299
7268
11403
901
6673
22314
9511
14635
19986
19630
17859
9055
1593
23642
7494
9086
20686
10103
2436
21923
8747
8151
15771
1530
572
3385
1897
6760
11015
810
17504
16445
18113
20538
20574
6845
5910
9314
18466
6694
18910
12036
13413
23688
17478
3980
18485
19898
2199
8609
8574
4432
13338
1896
10856
15658
9018
20997
24298
11014
7967
17948
24357
11380
7069
23789
24895
5605
6342
986
1088
3456
20471
2424
11314
7555
11385
9605
13844
3711
12505
768
3322
23232
1359
18154
19750
10974
801
1410
16479
14390
1565
13656
7450
12206
2178
935
19676
1998
23404
4985
5577
13296
21308
24047
12061
1009
5113
7406
23712
14589
6267
14824
8093
7413
3494
12
2709
5295
5806
17481
14716
299
24022
2680
6020
23286
24257
13508
16365
7782
7418
24201
13814
16187
16016
4955
491
21894
16199
19681
16622
23052
20893
7182
5921
23145
19500
12257
20793
3231
21747
8695
17465
225
4412
18266
23206
22624
9955
5632
18338
15539
20890
21367
24542
16522
13323
1587
24046
12413
17441
7871
3911
2289
8447
18949
20664
10055
20061
26
1273
14127
7861
19916
18251
4252
10577
1950
23370
14831
22267
15459
11073
14295
23356
11812
10572
20485
22179
14161
12840
11549
5431
21212
2781
16661
3300
8882
18472
24069
3639
2730
6169
3800
17588
15416
10995
17840
19231
5181
18864
9106
663
13369
14898
7162
8774
24303
17080
7321
2037
21293
23761
19136
16947
24713
11607
10302
10791
1109
23328
18174
7462
503
19526
7250
144
8879
21866
13921
11958
12821
15378
16308
21806
10892
20729
6867
17373
18561
17678
15936
4263
24315
18915
10893
1429
20707
1375
16904
2430
10745
2517
6684
13306
2540
24360
1669
11507
11245
23439
13943
5528
12511
643
11837
449
2828
4970
9449
4827
7155
20120
20864
10644
19206
4219
1219
8606
1236
19598
10702
2377
22985
21060
18801
10015
11695
3242
15806
18087
18623
11111
24226
6951
10968
16571
21430
12268
12370
21480
1720
6949
4613
20299
3590
24685
21917
13907
1536
8206
2604
8014
15440
22055
14188
10548
24467
8063
18475
19000
7550
6888
8917
7121
16036
9812
23559
23096
4496
23685
12110
21836
17589
22989
18945
11972
13017
1239
9400
22442
16423
11214
19813
24667
16421
8926
18505
6558
17954
15339
10278
894
1460
2186
1641
24731
9049
9818
2807
15252
12662
9737
18148
18576
1518
2674
7837
684
17457
2345
14115
22007
21001
18218
8481
23698
8134
18767
14286
19095
22937
16793
4633
6291
9359
3061
15261
21219
6461
7024
13034
13751
23296
6272
9124
6332
16935
9238
2457
20891
14081
4331
2882
18933
24384
10363
7569
1458
6491
15600
5716
9148
24392
11543
22513
15465
20466
17744
8780
12398
21507
10771
17204
2116
15334
24002
14238
4169
15044
15120
18040
21337
23991
18210
4299
19342
16028
9862
12453
21241
13688
7584
24127
10290
19643
5013
21849
16245
12688
16596
169
3057
178
1701
19147
14364
2272
24831
16310
6926
17413
4619
9827
20505
8157
19389
19753
22572
24699
6872
7063
15516
8374
11397
7458
6442
15273
5492
24374
22653
4727
21825
18646
3905
8319
23141
2793
14599
12651
16914
17808
6168
3286
22525
18624
3267
4129
15011
10945
16230
3900
2842
21274
11602
23089
22174
2521
340
18179
229
5500
13851
24003
300
9770
21884
7895
21935
15803
7847
15548
19287
844
10514
22646
7290
22917
5144
15909
10695
14259
14405
16362
22077
11789
460
7444
23315
4756
8201
8466
21674
5545
18902
16569
8514
4390
23793
21565
9362
7070
8128
1448
16001
12094
19968
12156
9338
6973
11519
24621
8944
5344
16024
16208
9777
7917
17519
1177
1144
9233
7425
22988
9513
10869
17861
12663
23517
21271
5968
3087
3163
3879
17462
7894
21148
20015
906
19682
2013
20300
7904
21145
14826
4267
1194
17671
17307
11733
21263
19281
20941
7254
17534
22058
24828
8343
17614
22929
18178
19351
23354
11137
19955
9686
18803
21411
15670
23781
827
2566
18889
19116
1072
18792
23008
5571
280
8259
13739
24437
16753
1835
1378
2943
23916
4101
1656
23241
13719
17653
24614
12378
8184
12625
2862
3626
3858
18583
3935
12427
24648
15442
18990
1291
1827
12862
2894
10378
4409
12320
21231
23907
24839
20067
2734
1887
20189
6303
2989
11538
7154
6547
3411
21419
22598
17
1893
11119
24991
6850
10361
20370
15473
6263
23808
4072
16676
6353
1629
3966
5124
7603
24908
5234
12642
17919
375
5664
21736
18865
21389
1626
17918
20745
21109
13600
902
14914
1428
3700
9547
18622
9060
16005
6029
2554
24428
18596
22319
2046
11101
12659
6456
16324
3954
6187
23440
9659
19373
5145
8292
14193
7990
1450
744
13835
21972
14762
3713
24817
19730
14057
2368
16350
22699
12163
16678
5566
3091
13911
5149
23975
14703
21636
5606
2227
680
17967
13901
9673
15969
24541
23807
7037
12604
8396
5293
3722
5499
24414
7588
4858
9348
24921
16910
11
21638
12982
22255
23458
2131
16443
497
21755
2833
12621
22674
22041
8107
11544
20859
22619
7800
506
22405
15973
22132
4278
21069
14271
24967
24862
15520
7900
13205
6092
3005
18815
3181
17194
23451
22880
7304
9848
1764
12616
13501
14448
22010
20567
6830
20950
12980
19528
10028
2549
9259
9553
1825
2625
11395
15635
10124
20822
24194
20802
1564
19274
6239
18827
2067
10657
24684
530
15267
8189
9774
10369
22928
7459
11800
22069
3537
1674
15127
20045
14857
14531
23978
10485
8197
2933
10502
9054
3532
24827
18181
10487
3392
1414
2263
9863
15646
5250
23162
16542
21742
15411
21770
18869
16311
23374
4457
16912
13724
19359
23106
17759
214
6687
24166
8144
18078
7649
7864
20649
3897
995
2646
16830
6017
22913
13664
601
12682
5574
22354
6277
5339
8240
18975
1753
15507
3765
635
18365
13978
5622
6535
7166
12169
24537
14526
8786
2834
8801
8961
2681
5930
6891
22616
4952
16432
11474
4376
8036
3575
7960
15989
2068
2057
5030
18819
13473
4357
9177
9975
2447
22485
8232
24379
12896
24867
21129
7417
6445
8599
17200
5156
13973
12857
10410
4275
2392
23352
4151
22813
22656
4434
15230
3288
18389
3365
13750
13906
11460
9501
15978
10839
17075
1524
4950
3853
8936
22802
9614
2707
24421
13636
2360
4368
21529
17273
7779
14992
17256
16065
15791
7405
23055
20902
5129
1805
12986
3981
9100
14592
2441
9717
7282
13001
19913
14559
19890
23014
11329
12755
20149
20931
3486
10350
24221
18182
21561
2041
2567
16845
9940
21906
4800
5553
16687
129
14090
14776
14060
20306
18894
14449
9165
3518
1352
3036
6235
5824
14409
22965
15694
13431
12180
19407
12728
12955
15938
23474
161
12125
18806
23091
13187
12990
3050
14236
9057
21483
15384
7279
18027
7869
14300
12344
14501
23901
16209
12684
21607
12756
4010
15503
16066
22177
7608
22660
10183
17611
21446
20805
13671
7873
8585
17878
6510
17705
18918
22502
4395
14726
7936
7672
7057
12707
13754
10077
1029
24192
6505
5481
17104
14654
9936
14669
2477
17136
7330
21793
9374
22468
1264
24515
17344
4519
23979
6515
17497
6677
8021
2163
1454
24112
23448
11456
23935
21758
2016
23865
2169
4739
10820
20147
10154
21033
5146
5943
20536
16249
9004
4339
17620
1304
24499
16446
15497
17743
22374
24871
20254
13880
6293
24681
6061
4822
17950
22355
9722
6921
21324
8971
14790
18980
24087
5617
6796
14613
8275
22740
21249
14908
24335
2570
13710
24730
6072
12187
16777
17265
15923
13659
8352
20229
6451
17735
18626
21610
8192
19502
22084
16720
16967
8095
20948
11651
12709
20796
21151
4551
5204
18138
7206
7403
23587
13056
20968
13168
8979
19130
16590
3014
19651
22365
19002
16417
15663
465
6234
4767
2100
9505
11037
11203
12713
22134
23927
23427
15462
53
17066
407
18898
13242
4651
22060
19700
1319
24616
10792
13488
6646
4139
4526
17826
24514
12695
5212
12525
8285
23753
13617
9852
23174
16916
10089
18446
24396
22249
13072
7859
4771
1895
5320
8995
