5763
13415
6366
16357
3030
18218
24279
9054
8134
952
9575
2177
23517
18344
10997
7127
22580
15103
21714
13473
17288
24142
12674
12337
24696
17688
17628
22265
20494
20884
7284
18735
24509
7084
24278
8537
1183
9600
18832
7320
6221
7206
19177
6460
589
21008
19548
16518
1359
23719
220
15811
16043
956
2040
4048
5693
11403
2704
6356
23586
24739
11614
1989
23431
5379
1142
1624
7395
22624
10290
9979
3055
9508
15808
15905
9314
21208
14491
9038
16698
14613
19944
16629
2844
15465
18673
22637
14122
22297
3828
10004
6962
19421
2323
23253
8486
801
7032
4203
1536
7775
12179
18643
8137
5170
8460
21166
18142
13341
16928
6993
10962
17710
24457
18572
19737
12654
19218
10144
23566
8029
6684
9544
5710
3027
581
12584
24421
3337
16535
17077
13902
10434
12430
2443
19125
7326
22052
5590
5017
12835
9714
14519
1455
5260
3553
8831
23975
24311
4410
530
22007
12452
15013
19228
7459
11082
7232
21834
11545
12831
19699
3731
133
3861
15112
24933
10111
21507
19526
7166
12266
16003
20234
16567
23753
12050
5835
16753
15578
24778
16855
9636
20917
23602
3267
1774
7813
11580
15151
8824
22805
17003
14416
902
9596
16270
22794
14776
12372
18301
10445
7967
20133
11057
10960
4060
24340
12290
22439
16061
230
13413
22354
1113
22209
8129
22756
17708
11031
21979
445
9501
20495
8192
17906
24898
11984
16199
5409
12052
8885
20222
12010
20838
13618
810
15250
6900
20603
14483
6441
2806
11215
24769
19493
12117
22496
3863
6008
19169
23541
18253
16491
12928
10754
9018
12499
22152
11438
15319
9307
2095
53
8961
18713
8073
20246
971
5482
1105
17733
1157
23179
12180
20566
16560
6293
5181
18806
21603
8796
22539
17237
20147
23937
7562
16705
10907
8983
12455
8265
17479
11707
21029
22460
7494
8203
2992
4197
4089
18667
7306
11570
12486
12463
17519
18148
21129
15878
6479
3071
13840
15198
3692
22513
1471
10384
11753
22917
10262
23404
13522
5646
13820
3122
10910
20862
22094
17063
5403
19651
4633
12476
23683
4629
4884
3075
430
14153
23537
7336
460
12506
22509
3511
23731
23572
23420
21529
800
3163
8619
11574
11662
10353
19294
8926
18032
3486
7034
21402
23581
21699
6401
13207
11887
3748
5390
24091
5128
3570
12482
1533
8050
7139
8708
20427
22097
12622
18693
17812
3727
1941
24417
23210
15273
7061
8456
16228
17315
3911
1953
9630
23028
3405
8714
20915
7215
18456
8018
16666
1840
21874
3660
12260
22573
15409
24130
5668
8163
74
11474
21385
5013
590
6423
12878
24936
8318
14525
20750
20520
5246
13471
15554
5970
14216
7481
1540
11312
13483
24110
9612
16049
4056
13394
12432
15099
20515
13191
13890
17161
16996
22442
8660
28
879
15081
17374
8872
14639
10798
6246
3231
22889
17217
8652
8108
8747
18787
3826
11150
14513
3283
7522
4467
21755
10470
16777
23642
17631
8330
22267
21875
4356
17009
22275
18528
13035
17678
6331
5569
22562
4172
13862
10058
3747
8176
22188
11205
14020
21546
18245
1819
3831
19203
15730
22058
7999
2307
23888
7231
17373
17677
16028
18209
15619
3291
17959
3465
23204
20087
22769
20390
16091
24704
8523
23325
410
8468
8917
19674
1071
9130
6002
24335
18875
12388
10237
9067
5079
14131
19871
22808
21614
6973
6169
16548
4901
7290
24675
2435
19346
9722
12227
5337
8920
22199
2554
16638
1160
22290
13900
3299
24152
12548
12007
11914
12976
10557
10474
9338
7442
1913
22488
3818
358
4712
18640
9907
15570
22699
4895
20022
842
22324
10138
4983
1730
14061
14703
14383
10644
17962
18242
4460
5022
2450
24264
9672
8640
17501
14849
24645
18779
15886
17351
1086
10724
15556
5851
5674
5637
23849
9404
11376
18765
6410
5227
6682
24609
18229
642
17207
464
20808
23941
19216
8973
7450
23155
17227
8614
23663
17205
6961
7092
20066
1220
8422
203
5972
1929
16419
21945
14494
6467
3710
7555
3936
3858
8487
911
8607
5690
12738
8781
3370
22317
7017
18491
1024
5746
19326
24396
578
5701
23698
24376
23399
19351
11168
12183
7188
7627
23785
19923
19700
1068
14157
1219
16177
4131
22192
20341
2684
23688
9814
14219
8724
4886
3767
21851
18512
10634
8329
8436
4800
2364
9919
16089
2924
17797
14908
16600
4581
1942
2879
13663
6279
15041
1346
2211
11538
13237
9872
2977
5943
19298
13719
11282
1245
4804
4308
4094
17030
24153
17704
21999
6303
5745
16798
20802
6020
17134
9255
13643
16356
1170
20903
5497
22466
6884
7080
17340
7431
1654
9490
3895
20505
7864
7402
7584
22427
4527
21165
11874
18461
8813
3234
20949
2148
6229
4398
15416
19261
2646
5457
2670
1194
17509
7765
9671
19042
6619
23364
8010
11952
12024
9046
20833
22062
14371
4388
19210
6425
9675
7388
10918
19946
17129
274
15457
11560
19937
6612
18213
18675
15635
11769
19066
8599
2016
6474
14135
22927
10443
7197
15271
8412
13978
15741
150
17877
18152
14828
10518
16542
13445
21052
7249
22727
13419
24450
20463
12980
10307
18136
6841
20523
20172
3031
10420
3804
4862
22416
9181
15693
23546
14769
13497
3839
14247
357
10472
14418
9883
4132
11101
2074
17629
13096
10228
16417
18342
20587
18174
17579
15528
12469
4952
1074
22965
4182
11385
12347
11748
19672
20462
1041
11678
23567
5149
7199
1070
15303
24641
3942
4919
2937
10413
20931
17637
20245
6500
3402
7218
1099
13086
11743
1208
5464
16875
18760
8732
4988
5552
21986
15127
480
17182
19643
12291
15005
22662
20470
11269
350
19960
21001
4767
23417
13914
23238
4656
23050
16940
3561
6749
22351
7551
11267
14460
8567
12911
13409
17563
897
6814
17557
4544
3906
7985
9165
91
22110
21330
12141
8585
10908
402
19330
8374
7254
14347
21559
12703
7063
12522
23664
11165
16846
23407
11789
4861
19730
4200
6146
17643
21555
19067
5557
14379
23326
6735
5550
22779
4187
15445
9851
14781
12848
10732
926
7128
14530
18518
6375
14273
14295
16495
1193
16309
3612
24102
15140
10381
12308
14320
13789
14501
6891
24370
7457
11479
21221
16318
387
8611
2265
5559
18476
16442
23777
1040
7936
18252
24708
10241
2936
12865
21732
2894
1073
24318
18902
9547
12396
8376
18162
18785
1273
18576
16112
8501
12097
6155
5651
16350
11512
21893
19337
3966
13757
11024
1026
16819
14518
23596
7246
22269
2745
7477
15267
13885
13226
3641
10616
20657
21248
17991
18487
22592
3002
24214
2349
1546
3778
8915
19898
4366
9939
10
9585
15969
302
2073
20030
22905
16857
11839
9591
18646
16545
21531
24916
22839
10200
3707
19904
15938
14104
12413
12525
18912
14405
17571
13070
1995
11525
21784
5231
9934
16187
23143
23587
10741
18434
11649
12056
13782
15621
20757
6557
19563
10944
13664
15800
20358
17083
5489
5785
8912
13239
5832
22517
1275
6828
2430
14516
2596
1923
10721
6027
17861
10676
7705
15599
19754
8892
22101
24307
12392
15497
14611
4005
21158
6899
8351
20693
24107
6789
13463
20813
7844
7323
18170
16332
15936
22485
14438
20790
3109
5035
19914
11288
21814
491
23916
17353
8435
5566
24623
24051
17565
11958
19831
24041
22928
9995
225
14498
21180
16901
4244
20
22298
13250
18557
24132
6317
1581
6665
8074
18139
7812
22741
12119
632
14417
18380
18137
1744
17449
1762
16450
13358
684
13949
11220
9607
7718
20129
23458
23454
1300
426
2645
3808
18869
18027
8390
18257
6965
24884
23256
10669
6404
15352
106
8995
6287
239
2169
296
22866
5369
12617
6205
8602
21033
17564
12740
15042
22055
1722
4055
23519
14023
13315
10485
2117
12187
8993
21290
15796
21210
3691
1806
24801
19892
4520
19469
19519
24323
9692
24928
22471
13153
23108
24705
11597
15427
5813
19248
5820
13763
2862
16443
4449
3526
17619
10050
3761
21000
4727
16289
15339
750
8890
7739
14953
20585
2099
17879
2647
1481
113
21079
13830
14362
12939
24920
12409
21547
9377
19604
16908
13508
9713
6719
12275
17226
22874
19078
6917
23991
14778
18767
1148
11642
15994
19206
9834
20015
22300
8891
18223
22841
2943
10748
16769
7527
5205
19035
11190
11531
4326
20788
5910
9023
7992
2695
7687
11863
4955
23248
22557
18025
8913
24542
9579
17322
3766
9449
14127
1770
16986
16676
4275
12300
9708
10839
23130
24125
13182
12896
65
18356
18206
14916
8546
8665
13578
11812
4262
13094
20570
17483
8666
18536
12280
19359
4653
13090
24244
10436
4621
9556
407
21357
13167
20487
8299
10268
6176
2834
3650
20405
21352
2338
15378
12564
19163
16101
16607
8519
13149
18251
12823
23978
6567
6951
12749
15954
11791
18719
16405
17735
12283
19335
16956
21622
13594
17375
6115
20510
5517
22622
13736
22898
15206
24173
12533
24589
20889
10777
10256
1584
7048
18827
10481
12417
7245
18072
24161
8107
17265
18926
20206
21916
1967
18243
10060
19560
11686
12709
7710
13108
2867
23898
7473
5562
22388
13825
9572
20536
17105
16924
3351
8465
16736
23357
5366
4289
5720
14096
1700
18565
10375
19979
8167
20716
20920
7315
9380
18691
24816
20212
831
20319
2077
3211
13973
8155
18793
12895
8114
21627
6266
19891
16277
3192
19121
6582
20419
19296
11178
6587
18690
11002
2163
12112
3575
9736
23453
5664
22937
7891
2666
19512
3590
1278
3722
17532
16174
2068
7508
16712
18816
10584
20143
9325
3495
24880
9984
6898
6072
5144
2802
23875
14071
13939
8828
15279
19274
22060
22434
14817
18595
9760
6388
17202
11776
11566
4106
19565
20993
18055
12253
22631
11861
24878
11061
19875
17585
14049
16582
14129
16262
24562
6641
22574
15624
9801
24469
3531
9542
9471
3438
7280
20689
1060
269
19386
4799
10148
17725
6128
7676
13828
11152
10623
23685
19427
7155
19440
2217
14458
13835
6519
6817
22000
18670
18386
3325
3787
9846
24963
12818
544
726
2892
12494
13543
2469
6589
19188
10024
6918
12011
15371
3078
2539
6773
20997
12623
8089
5869
2681
13302
11127
1279
2674
16566
21557
16627
16630
21263
20237
5824
5250
7503
10657
154
19472
3029
12986
23894
18857
2734
5124
5152
14974
13891
5027
13722
22990
10362
9359
2460
11759
19161
22347
5325
2572
13612
13724
18865
8700
14879
11107
19553
14325
24392
7594
14079
18423
21960
15912
7244
17974
22181
6667
2312
1128
18752
16979
24686
16772
9560
2594
20016
21017
4139
12526
1623
4622
14142
17195
17940
910
24208
10361
17318
7230
5400
24411
17317
12188
15142
11088
3898
11751
16297
11905
18871
1236
2929
884
7321
6804
13382
15750
7220
11066
17335
15327
13256
23241
15692
13478
11119
15058
4434
1104
21576
21688
3137
3107
18802
7865
21696
5076
9304
19809
12971
17360
12645
15839
44
328
20804
2155
17469
15003
24853
24455
996
21119
6838
4797
3872
19350
18466
20347
24643
19869
18819
7014
23226
17246
3187
18623
12563
2566
20297
21935
22346
19503
11982
4219
13432
10440
23781
2508
12628
24137
20391
1313
19577
244
19774
14981
608
21539
8728
3736
20312
5416
12242
9749
12713
15148
13818
2082
11817
11995
5944
20718
15923
1889
16245
16303
6648
15832
12
24018
4670
9800
7672
24523
20678
5448
18436
23499
9476
20221
4615
14659
3024
4887
11254
15503
24512
9120
21121
18322
22280
10771
9114
15324
10479
11749
13906
935
7566
17261
1998
17590
10077
13233
4878
24257
12426
10776
7182
16935
23656
8014
11489
20144
18175
5296
21480
4967
24994
18048
14524
11573
16494
4209
14963
23336
13379
1887
2369
15069
2624
3673
3097
5500
19402
17655
14189
15274
9166
10545
22174
18864
1896
6180
10996
20519
3939
1743
6415
23053
857
8775
10433
24776
1364
10275
5397
14287
23550
20686
9400
7790
16743
19319
1435
4324
3499
22041
8563
19496
16014
260
9003
22929
5568
3166
7582
9457
20962
721
21103
229
14877
7878
4534
9676
12232
2414
17293
12890
7613
8979
3613
18397
22319
14820
1389
24830
918
18894
23342
18829
11532
14936
14800
23977
20854
24150
10269
10531
15527
15718
14993
15518
16282
8156
14144
12625
9913
23789
8093
14388
14915
3411
2297
416
13704
21637
13011
20977
4713
16247
19517
12287
20909
5384
18020
9686
571
20558
9947
12576
19714
7355
9184
13347
15249
9220
7026
2691
20151
22914
23721
22742
5519
20184
14083
19345
2490
2056
6969
24458
12682
5016
8102
3686
20298
22418
8998
12293
22882
24409
7978
21050
23272
1234
24136
23384
1328
20337
5392
9931
8577
22604
14815
2576
7643
14059
11715
9080
10299
5656
12113
2156
2896
4087
2547
11882
5410
20940
24006
23467
15510
23993
11505
23686
14992
7258
7228
9704
5345
17694
22514
20850
16246
24089
4951
9775
11973
5958
14043
11015
2649
8128
19394
24585
23880
21063
1489
21751
15523
5918
14378
5913
4078
8281
10675
19528
7586
24597
19950
11352
9891
12225
15672
223
16161
1330
9509
12561
20968
17300
9942
17071
13210
15539
15289
1336
21105
4739
7700
14721
15596
19808
595
19792
5023
8375
12466
6081
17023
15551
15600
21767
8971
6305
11663
4879
23447
11246
16720
16783
8928
24812
11873
21896
24695
12557
614
21258
19276
10882
5722
13837
7840
5555
4274
5133
774
5718
16678
11201
494
10973
24652
1750
18098
22406
8251
6976
7831
12036
2088
2763
5192
8985
8604
18389
11203
12897
19708
9936
23934
24249
1656
23982
24101
2827
568
21516
1320
1591
13145
25000
11425
7793
2556
6003
1197
18241
1893
3540
15473
24636
907
10525
24059
15340
7547
14185
7822
22744
13484
16196
14462
22391
5165
8415
5295
17357
20679
21721
8840
8035
23471
17963
10637
14005
12943
4189
24760
14198
24354
12825
16910
4930
20409
9200
17471
1304
9017
1450
12624
24164
24731
7444
9710
1707
14087
15285
11524
19634
9194
17051
18535
7894
16205
4697
22219
4551
2640
19412
21671
8927
24231
17791
2586
24344
14890
3488
19259
10598
17344
3584
18077
24301
16510
6165
7370
9113
9435
15394
20466
4496
13751
10079
2237
67
19852
14922
11630
17929
1016
11904
4279
19953
5803
24557
23322
20819
8767
10429
16667
8325
3832
16423
16099
11377
22610
5640
3322
8112
24659
10100
12685
5606
10132
4704
11975
9840
15179
20859
3551
8944
23289
4515
14271
21607
15643
4069
7541
6273
23864
12821
5726
817
2524
10615
6806
12475
20591
2037
18210
11434
16065
15898
14342
2193
20562
12947
7192
11303
18483
13771
22613
10303
931
13135
21820
8383
17306
603
12736
12404
20769
4806
14669
6239
323
5955
3404
12353
1448
23477
23782
3751
19182
22393
19824
16421
2328
11547
20025
2070
1167
23448
22010
3743
2989
2815
9100
22073
1898
6486
8285
5339
22255
21086
592
3701
23762
20656
14853
16305
6233
17102
5156
8055
4705
15405
23317
20902
21715
4318
21962
22423
4529
7656
6915
9110
582
24804
5242
20639
21369
10229
11320
12462
9057
2424
21016
2127
8037
24398
21907
9968
5877
15646
23635
2329
6091
5492
16500
7579
6677
2173
19495
14831
5262
17506
15246
23075
23665
4190
1854
739
4272
17864
9809
3050
16687
14688
333
18905
10324
2712
1054
7863
2317
13010
3640
8737
21589
13461
7774
6167
4466
6387
8948
20529
7179
20349
19630
23026
20071
19321
2409
5837
16310
10135
6384
24015
6142
11456
21901
10577
14646
16149
23231
18933
18485
2024
19447
9989
24682
23601
12424
24119
4524
8588
2519
12458
4286
22852
8878
14547
18382
14497
4953
17748
17604
2394
10643
11936
12653
4097
21082
20456
15816
24805
23473
3901
11508
13533
16623
21294
20130
22003
2199
12931
16771
6296
10690
46
9118
18655
22611
23784
19446
16947
15096
5853
23544
3518
284
15467
22943
13805
13720
20481
17005
17888
10376
24553
24783
21561
9416
12460
13328
18692
1946
17066
17550
10093
13209
22576
19669
12658
21231
20079
7196
19076
23269
22335
11204
5622
10151
13556
8957
8555
17444
18622
6132
15101
2396
9249
19511
8201
6328
7425
10772
2874
1908
20067
1641
21904
22490
13122
21615
10708
16815
4735
18069
16904
15934
19236
12341
5968
9261
16485
19616
5546
995
7003
5553
2033
9242
21517
11875
18834
12397
17576
844
1188
3886
12601
14109
24391
280
7608
7162
2934
6547
11837
1973
24147
11428
3051
3463
21541
14147
23303
1720
24042
21734
12511
15924
7867
2316
11928
267
23767
7810
21451
4707
2528
3095
3714
23920
3048
12552
19814
21376
23000
2939
5305
4126
20703
11297
22481
7711
7996
20581
4431
21177
5380
12983
11461
6483
7458
3870
22085
16455
23351
102
7299
16550
11439
16109
15220
635
593
12368
5838
15990
22034
22134
23523
18338
24893
19059
6045
10104
4364
16911
19612
3905
3835
13960
7121
22899
2661
3430
20445
21205
11330
18284
19477
23097
2149
13372
15060
2186
24881
10457
3295
2680
8625
10585
24973
11533
14845
20568
7222
19282
15187
12109
14522
6758
1309
9504
23304
13431
22967
2067
1910
1833
7731
9619
21268
4117
21705
12591
3703
16625
4548
22686
19390
19322
13731
11370
21271
10966
10953
4294
6846
4687
4213
8404
15245
5059
21921
3248
8313
11859
24683
9273
21697
13263
17258
11781
19031
5204
12161
3093
9229
21739
8184
9940
23533
11611
2595
16453
20403
12727
22348
2860
22128
24639
9263
6028
6926
6872
2377
19104
14266
12429
10818
2895
10025
24719
16573
4331
1135
9825
17204
9340
10843
18936
10027
15705
17192
18626
22258
16311
4994
4891
9540
15909
23175
20306
5705
17857
14307
19401
21212
2605
12367
7291
16948
2854
21304
18925
16407
12903
10698
18945
16523
24614
11695
7873
8860
12094
14441
18261
14178
4646
8982
16709
4362
16004
12456
8618
3453
17523
15357
19247
15022
18265
19150
17728
2521
1248
14829
13460
21954
3444
4153
16929
15822
20861
21941
5654
894
18980
2375
5935
1799
8372
3084
24144
16841
10694
13395
5160
12608
7407
8606
23832
8170
14654
6558
16115
23469
3014
19853
9854
3309
4555
19334
13242
4390
23014
222
5039
12206
9002
12137
22254
6392
13661
21267
4349
16596
6620
2441
24808
24298
24600
17276
19813
22365
22740
7544
10119
5045
11391
6535
24762
15223
34
6775
23294
22953
15973
3183
12448
12484
3711
24002
18060
15123
13656
7825
10297
2962
23219
20061
2245
16352
4756
9673
21676
23430
19452
899
12176
4469
13160
4522
19647
18154
20894
5879
10829
19021
20610
11053
12582
23032
14324
22332
13450
9280
23943
7694
19153
9391
6972
16633
1131
24437
23712
14340
23058
20956
15992
24387
23944
610
4216
5249
2963
7504
21047
1375
18372
24981
14744
18910
18419
9770
24234
11672
12453
6134
24544
10945
16401
23048
2162
23462
2003
18755
13502
7988
10349
20299
18471
8326
3400
4162
16727
18500
18362
7126
315
3181
148
16971
8292
13115
19445
24833
22172
18647
11537
8696
14623
19561
24003
18801
24621
24627
21361
8052
24097
20109
23511
375
16669
15709
19705
9148
18639
12344
13323
12808
6039
3379
23722
17713
16362
10801
7561
18841
3857
24424
6224
6355
6191
2974
4304
7470
4992
15940
6859
2533
10974
23938
5976
7951
7311
15011
3407
2226
11736
24592
22221
12107
12340
22451
10892
15561
104
10603
9747
11938
3756
10968
19312
3333
11111
1177
11705
9027
3559
1442
19357
13814
3336
2707
14634
24005
3699
20485
20864
5030
4079
22890
3289
17079
16134
15016
23917
8247
12178
9392
24864
11009
23312
4409
21926
19790
975
12594
24667
7618
13729
13693
4170
3606
22723
1857
8200
6429
2384
17927
702
16829
3642
22289
22998
20343
14237
6173
14608
15315
11325
4981
17271
10240
14921
18762
17837
6505
20779
4070
14280
15185
19513
24446
2828
4111
13535
24433
2106
14504
9898
21439
20394
14747
22407
11940
23857
12243
9901
24787
51
3981
10587
9867
24929
9842
838
19450
7354
16393
2272
19916
193
22339
4315
15520
11079
5155
17999
20642
6621
16386
16746
7997
20330
6751
9344
14070
16122
2266
1702
8649
1416
14356
6061
23207
22360
16458
5495
8001
5010
15316
12599
4662
24205
7085
14364
22735
4076
285
7677
8400
5907
2210
3459
8175
20950
18649
24831
20275
1262
20190
22120
8801
2139
12100
16202
11423
23201
21823
7410
5180
19336
8341
160
16382
19491
15877
6683
10705
6084
11603
5163
12977
22540
10645
12644
4000
12794
5462
3
18140
19406
3385
7698
16936
6272
16995
3049
3954
12728
9373
16862
7583
5709
20875
4729
11228
20664
4161
23530
19483
4970
8239
20526
16301
24366
22891
3418
8444
3471
6949
22972
22623
13142
2188
19823
16198
3249
18561
16012
19348
6991
21232
6261
722
21591
16885
6138
7170
16218
15747
21977
13178
14081
19002
15130
7524
20814
7349
5675
1575
295
6687
9568
11557
1669
16320
14789
20086
20064
9658
23186
1239
9512
15875
17475
9674
20885
3401
224
2465
13956
18642
22140
14682
8446
13773
12763
7724
6082
16298
16845
22598
10726
10712
10323
21833
5212
23929
9827
17447
13443
19810
13211
4935
21219
18796
8552
23163
9040
16273
21773
8283
7857
22419
24570
24631
14124
4088
6507
2948
9499
10807
2031
24256
10832
15276
6437
3854
22633
3434
19119
10768
23948
2904
7940
9816
4108
19986
15157
8132
2203
13694
17644
8241
11083
20786
11
7441
15641
15443
1318
20705
13354
24514
14245
15663
22301
5310
15712
6034
12891
3638
13740
21458
1943
5591
23779
6867
10086
8396
8394
19164
8977
5004
18707
18095
3632
7670
23876
186
2838
9221
4613
21009
23189
4963
2393
15788
23677
9162
16235
22374
5761
20649
6728
14836
15481
7480
22313
1685
1287
15294
8752
16409
3168
2471
15647
10099
10854
12208
22938
21405
22103
12899
20480
7569
20647
20105
21192
20243
1926
3172
19872
13685
14207
1572
24862
2868
8810
19235
18179
1704
2591
15033
6445
23093
20035
2281
15761
22619
21747
10487
2751
5534
19907
20323
5254
16054
3797
5248
19449
5309
5353
21056
9060
14214
4027
1371
14044
22881
3713
15385
10153
231
19682
6074
12246
1352
22799
12960
1996
21678
2995
14341
8510
13360
8409
9640
8480
18286
7702
8680
2161
15577
24028
10986
142
19882
2057
15476
24362
19411
6369
3186
4671
9311
1784
1467
15626
15916
20034
4433
18821
693
15874
20636
5759
7749
4271
5574
23052
4072
14260
13177
2178
1495
11401
14506
8458
23347
16670
24541
15118
2969
7308
5983
19620
2345
6807
3176
8524
3889
16081
13056
2360
4651
3264
18475
950
1754
13034
21011
7960
18550
3631
411
6796
24941
1543
9821
14910
13957
3068
21130
22676
21308
11124
10056
15133
24063
24426
5284
6078
5742
24832
3292
6563
1613
7350
8504
17180
12822
8293
16793
23378
4876
16914
6245
14286
11536
8745
15345
20120
14509
10659
489
5577
4904
9421
22404
12772
6292
17159
7373
2983
4104
17203
9024
7043
16291
17664
14033
1512
4003
19130
20948
6270
9065
10129
3203
8535
21736
16750
4490
5688
15601
12487
4096
13907
19242
22773
14793
23979
22814
19598
15557
19507
9932
9072
17729
15119
17143
8158
16203
7550
24190
16496
4249
13476
9608
12824
90
4540
12611
2142
10994
16018
449
1954
2947
10292
21175
4201
19404
17669
2467
7719
23136
8551
13422
22749
19583
24212
16425
14390
3161
21771
20967
12920
18181
822
8886
21302
5456
19049
4830
22790
1361
18570
1042
20498
5723
23260
6608
17773
10249
22474
10155
2517
12707
17726
218
20042
14589
20732
232
23908
24991
13905
22467
1772
10870
6990
5872
18606
5206
6339
22308
12527
24524
9004
12885
23126
1264
5252
14790
7060
17944
13857
11897
24770
18177
23106
5610
23354
12140
14176
8674
19175
2009
15762
10566
7445
663
9124
23197
16648
10739
8574
24226
22179
17931
13179
20169
10055
16636
24339
18603
5936
6875
37
15388
4777
9362
8499
15627
5115
12578
4519
13921
16446
7474
3765
15462
15836
23352
15943
1122
1739
4858
24384
16836
15742
2889
15318
20849
4156
174
22770
7959
20557
1321
12616
17671
3580
18898
2431
1355
10277
22575
11236
7261
13558
1098
16463
5657
4191
16001
16383
1890
10043
14278
20820
6267
7837
14732
19018
22567
23505
12415
9395
23318
21849
8207
2400
5113
21051
397
17711
1829
4819
13537
12535
24499
10280
23374
23377
5131
23299
4303
14236
1211
4267
14478
12783
3700
18868
17614
622
1402
21972
1823
3470
7581
16373
14588
5201
23865
3246
15919
3118
13769
5880
11988
7187
16591
20107
20974
24395
21337
1668
20990
16959
14810
22821
8494
5442
22234
13990
18733
15043
2507
6509
20764
16830
6725
5790
9464
22051
14057
5530
1588
16726
19723
14449
20775
12942
15548
22849
10678
11544
10756
10034
7186
2655
11166
23344
19787
19881
16487
10402
16590
7874
23694
15423
4137
4123
22875
8650
8343
4492
22525
478
101
8398
23425
22941
11360
3052
24684
2833
18916
12082
24382
19073
2215
16194
6268
16267
15398
22864
24194
17832
22924
3690
13943
15658
22248
21486
20196
13284
5174
15370
11459
6944
18543
15085
10642
17454
19136
6895
5446
13531
9806
12605
20195
15749
11380
16234
16637
5357
23187
4950
3061
12663
18569
24303
511
13572
23909
22511
5477
1701
3788
17376
9016
23483
21573
7347
8065
2175
23164
17758
6234
24014
15484
24360
6981
1080
17081
14114
13580
17967
11180
8206
22632
15586
6117
8240
12932
4199
1319
23308
1517
3724
12724
16170
1253
5520
21174
713
8140
1256
5697
6216
129
5528
21733
109
16324
18361
17234
21323
22683
24759
18627
17767
13617
9565
24970
1993
9197
9207
12320
22014
13550
2964
15054
18001
12004
151
23647
14115
22129
14851
12438
19407
16765
18792
10846
8068
21644
144
12106
14420
22394
17918
6048
11640
22325
7501
10374
21374
22089
17768
24374
779
8391
7649
1381
5691
21041
24053
3378
11314
3957
11901
6908
21148
12190
11108
9265
12974
13446
5321
22989
7900
11402
9614
6175
13154
13662
12641
9442
11283
15549
3339
24467
799
5408
14762
18601
3456
23831
552
6067
4573
8254
990
723
8786
21906
8469
2808
17600
12782
15244
16671
22862
17943
21865
13213
15392
5234
2575
14837
19113
10779
7424
17775
15434
13635
23061
562
18369
6850
16045
4768
14801
22640
11413
16209
9586
18533
17968
18891
140
8151
23427
4610
20621
21911
19157
6277
9933
7020
15074
23986
18066
4882
21582
17107
4413
17534
15622
4360
15009
23125
4486
10246
12534
2212
11670
155
4847
4476
13198
13500
1031
18484
12790
16646
16980
14472
1088
20867
18748
17080
18120
6168
14065
23392
8051
23249
11156
23952
22646
3196
10372
2401
20930
21124
6087
22261
933
8497
4734
11596
2282
16755
16615
23321
5564
24108
24709
3532
1664
6455
9787
24949
12632
1569
17416
18087
577
11049
7462
16325
9798
24046
15819
3005
24515
13981
8802
15021
6928
21256
15197
19051
8232
4827
21636
14204
317
4586
12378
20796
16212
14842
16416
18193
3388
6418
4412
22136
5938
13304
14427
22987
11250
18992
7786
7361
128
4169
19584
14876
12621
1005
13012
19329
2293
24722
13072
12223
9967
13077
3195
20575
22070
16327
13988
24681
10673
22075
7378
4006
24213
11442
12078
20254
13044
9701
14998
13001
2257
22985
22114
6997
20735
24342
221
1530
10753
1826
6454
4619
23451
21100
4357
24461
17712
22572
4708
24827
12858
23481
5064
2438
8019
16402
17410
15243
16087
4494
14103
13810
11710
1144
5650
2617
11713
21109
17021
24839
21139
1049
2304
14480
2772
8116
406
6406
4860
12163
6830
20776
1844
11196
11967
13120
9555
10638
18138
8950
12697
5863
7605
22409
3184
24201
3798
6515
21783
6023
10784
20762
8364
6512
15204
24671
15486
12122
12833
22250
14694
14592
9852
17050
18235
3026
19254
22913
24377
16230
1752
21994
1565
11522
17977
6538
20741
12301
944
4368
16744
204
6816
12061
4420
18056
12569
8188
17481
22484
5129
13353
9518
24508
6686
22411
4212
2238
19432
17243
3199
889
11037
7287
1434
14313
24315
17562
23965
21469
567
9375
11277
11501
18831
16295
4252
18116
22396
13576
10194
23798
13236
24495
381
14090
12834
20097
21389
15657
18867
21662
4703
116
1039
1466
23439
13025
22782
7120
22220
20761
1524
14025
17440
6578
17
14311
24777
8612
17933
13929
12655
6130
24112
5476
752
23573
4865
13968
8518
15829
21756
1886
7683
13275
506
20592
1112
1688
12125
8387
14549
62
16150
6164
18279
19103
5934
23162
17924
14585
7109
3925
6442
3091
11553
7549
1305
24655
19105
3427
14409
17424
11179
12075
7843
20474
93
15803
9832
24047
21520
16308
4280
1401
17744
1072
14297
23077
9862
18870
3907
9298
13099
19844
21761
11323
3599
16522
3629
5323
12863
24908
11103
16823
15724
668
21558
6202
15580
9296
4682
12257
6263
15255
5481
6385
1044
17611
2694
18858
18615
16256
10173
15814
14550
20793
15
3953
10096
12771
12708
17497
6151
21076
1779
18966
6688
16132
11177
4030
344
22206
2361
17805
522
21980
23554
23808
1429
21039
17193
24537
14146
4826
15235
11137
3039
9158
18901
24689
3373
21367
4960
11983
12836
1290
1611
21903
6217
20229
9553
19026
15120
8735
23031
2368
21522
16343
4938
4815
21331
10000
1765
7417
24744
8502
1764
23839
14063
7268
13091
17400
20560
7602
24357
13665
11565
738
22321
24021
2505
19112
3347
10302
21569
11607
10350
9954
2000
11871
13388
3390
4717
7037
7847
19777
15670
2422
19079
15524
22959
15066
15322
23176
16575
18421
13488
21037
15490
19635
6502
5917
20712
7962
26
14453
17656
8063
6607
13265
23038
12169
2853
8727
17856
3036
24168
5633
9330
4761
13834
9535
927
2176
23341
2166
9515
4958
19690
7661
2370
6576
19536
1860
1486
12144
15343
8205
8764
24554
14314
15553
22778
20573
24534
1731
21293
18653
23315
4376
7024
4393
17945
16805
17423
23353
10556
2411
2295
3644
15756
19676
8797
23356
22792
12039
4959
17200
4359
13878
7143
9368
18426
23440
23528
15671
24737
23174
13671
12857
2525
9238
14487
23328
18856
5632
16365
1788
24797
14886
10524
5469
12756
10977
21913
4912
11651
20357
16561
18266
2931
10037
2531
3308
21401
24817
23577
17760
7519
4728
24287
8622
172
8904
8717
18624
6579
7279
13588
15868
17070
23761
840
7629
848
24687
6896
23718
3004
2816
8005
3775
9199
12543
23907
4253
5307
12609
21836
5848
3416
334
7201
5389
19582
18375
7871
11044
23845
10788
13117
5905
7588
6711
6190
18852
19428
9106
15815
23960
1935
14448
19231
2114
9274
23091
21818
827
6154
16133
23101
2882
14545
12020
980
11008
6461
4099
12507
13181
22772
22663
1291
11051
2675
19245
18035
9491
3329
21990
1238
428
17932
11313
6888
8903
21866
22759
15134
22410
22758
10791
12278
16864
17753
3489
9131
20242
21197
12542
13418
24513
11687
4118
6839
14692
10254
16813
7916
13934
13424
21244
3789
11632
23997
11321
2131
13545
16626
6760
18641
20653
22
15077
4050
24100
1462
1982
8382
9602
16733
23110
9505
10243
3592
8550
13292
13575
1246
4822
7204
10825
4873
769
10108
14357
7771
2766
18113
24416
5540
8431
3894
5431
15346
7803
10932
17120
558
18236
14914
1505
23301
3286
5945
4010
15694
13217
847
5168
14856
18803
14571
22215
18474
15893
12523
8651
15260
18311
16300
3141
24956
24022
8121
3763
8780
24477
12268
6656
11383
18472
22331
12862
7392
8772
23805
13631
886
5099
1055
4163
5468
9481
22797
22193
11660
14969
4047
13883
3978
18332
16537
5419
20586
13411
4230
3965
13200
14931
11785
8489
22445
17730
21793
4461
6342
22858
19454
1491
12504
24050
24516
4481
1020
2462
2536
1626
19955
8066
16422
21923
11270
22314
14328
12755
3057
17743
1604
19619
9594
23933
13254
23655
20514
18878
7658
20872
4411
2464
24289
13609
9938
10588
13761
19256
20175
11586
1303
2846
12128
9086
19569
4369
22079
14370
3924
4509
5330
23543
18769
11395
3860
4766
10483
168
11674
10369
8762
12110
17867
8846
14192
12637
9621
13252
21791
1813
19780
19657
21383
7691
24452
2801
10015
18215
6603
7968
14959
14211
11420
1511
5969
10901
5299
11996
7782
13033
20247
12684
12419
8876
18230
17592
5094
19068
15459
19050
18527
2388
6675
10486
18826
7876
20266
3935
8815
18526
20706
21550
17515
11273
11214
14606
11170
20681
20304
5609
6076
21419
1891
345
18599
14559
1693
17901
24653
22804
12077
9511
4347
12336
94
15935
7800
15062
2498
5047
1213
118
15261
15411
13095
18696
2380
4142
20832
8849
8358
16801
20056
7795
20805
5008
10342
10278
21160
4842
21638
14672
6910
631
17705
243
1499
11169
1790
10499
10650
14880
12059
11840
7784
973
8423
2540
1610
14668
24577
1847
5257
10555
16467
10835
3956
21430
10183
19518
19671
12531
6187
17511
12328
4414
21742
5812
18611
7859
4857
18932
20300
7069
3853
11426
23184
9143
16899
4849
24824
5255
21078
16968
16993
21278
342
19311
12446
16946
14738
10670
13574
8000
14461
17075
13449
9098
1433
21821
6653
21104
24713
13659
6988
15412
3757
6968
23760
14128
2966
23622
2086
14647
13749
11343
21433
22774
17363
10782
12450
21909
2955
24026
19379
6390
2457
753
20756
348
6661
24849
8279
9533
887
18378
14599
24654
12760
16773
12529
23141
6345
20368
23534
3621
4276
18724
18958
18521
5055
11803
16462
21811
11219
2812
14710
10331
15061
11997
4920
13164
17212
11115
21646
5177
11198
16249
20255
19279
13058
20983
11654
16967
8807
10085
11266
6174
214
2952
13913
23644
14188
9659
9470
13092
1414
5919
8284
20791
9266
24485
1532
4608
18778
15682
17675
16013
10212
4091
15507
3728
3546
17455
11688
18185
339
4939
14982
21861
675
5731
1592
20198
16858
21777
4669
6255
10855
6813
18176
7250
7093
20332
7525
8626
2449
18984
17731
14665
17692
8275
5114
19603
16735
1190
9193
18294
941
22602
13019
4136
8643
2100
9341
13717
4407
338
5173
6322
18556
2436
791
2385
4419
14440
13551
3012
10983
20153
16827
6649
8157
15566
310
17011
21762
10716
8459
13944
14827
23160
13712
4590
10020
1665
4378
7000
6663
18468
23576
21478
1312
15857
5499
19362
17674
131
20181
12032
4246
5029
11211
3980
9053
20800
20492
17273
19750
21629
541
16208
9946
664
8997
16192
11820
3951
21956
21292
8013
1123
13316
9495
11979
13355
24580
23251
5979
19667
6957
21948
6606
20350
3604
19762
21151
12459
10167
22980
19399
7225
6281
13408
18412
1162
13509
3964
12659
1009
4051
453
11712
21314
18723
21363
18761
22356
21342
15019
5878
14288
14259
6834
13404
18187
24634
3961
5865
21513
20397
23807
20125
4401
16374
18613
1259
24120
20900
13911
1787
8826
2363
3366
24206
7015
24191
12999
7895
21344
5862
16622
10895
20869
19363
8450
20431
1751
3365
17881
23816
10663
8244
12554
24276
19114
23055
784
13710
3520
23749
1230
21711
1311
19371
18921
13144
24921
5280
15846
15517
21577
23889
20692
11241
192
8048
1458
12798
12969
10244
6338
7343
6643
17473
8471
7403
1065
24293
14134
15414
17284
21060
4585
11365
14898
15354
2721
11281
15483
13976
20734
24882
23096
1395
18537
17524
13754
3232
2592
17164
3242
13940
2574
8946
2840
22122
8236
4081
14046
8319
18559
8676
5702
9848
9037
3238
2744
7468
6489
20356
11287
9880
18694
5359
24465
11637
12505
8332
22859
1171
21386
601
19356
976
2097
24243
24221
1593
17804
9955
3581
12492
1461
9793
5811
15978
599
23692
2549
12876
9716
16214
12192
22694
15172
19664
12166
5467
15708
5214
13599
20663
434
24222
1058
19559
19309
21560
744
9350
4195
17957
11035
22322
16998
4730
23637
6476
2335
24791
5795
21168
6720
21228
21237
7852
9717
7849
17494
2884
500
21112
8566
16447
18129
14755
14300
17605
19108
22963
7587
15660
10632
22135
17173
12693
15182
9649
2880
22570
20707
5355
12604
21976
23531
14562
21590
4277
24721
21461
4471
10750
24166
8360
3869
3940
10792
18133
6805
11821
2781
17766
103
19382
21241
17948
9639
13512
12297
4427
24498
17993
16938
13770
18078
19373
6575
3477
17490
1827
24292
19187
21145
18758
2793
7770
5179
13319
13006
14531
178
5989
24017
5600
7517
24789
21770
3474
3059
7882
12489
20890
7396
7464
8776
3458
16370
24699
24863
23283
9777
10306
11132
3069
8193
15288
17808
15521
24798
3834
2214
9541
16840
8481
6029
3198
13303
20877
8267
14123
23008
22260
23286
5245
19174
23793
23229
14561
2837
15736
9538
3355
10477
6786
16025
24321
23406
24104
10176
3367
16506
14833
680
10378
22621
15516
3729
20671
12006
23935
2957
20527
13338
638
22056
15826
15034
1897
17612
7779
18110
16346
16776
19147
1957
602
17504
11033
4482
3610
24930
6004
5716
21366
12662
16268
5881
12333
10806
17840
18075
8749
1432
10687
759
161
10926
124
8579
9000
4103
7406
11175
24715
13306
20538
21917
8589
19543
1296
4046
5891
9554
1181
18740
2485
1460
7798
17549
19883
24596
10327
23071
8161
6554
7418
11073
17127
3979
4965
22645
2440
6377
24588
3190
20567
9361
2301
14527
23871
5613
15820
10827
22380
9297
5670
21436
7984
3705
12966
1474
12868
1155
6772
11602
6204
18823
9605
22294
17938
3437
1925
9666
2506
15602
15958
4507
11700
19932
13048
18990
2140
24076
4743
1446
10082
8062
11816
21955
4019
4807
1878
16432
21894
6256
16949
3947
14902
11153
6235
22716
24034
9201
17653
19383
9322
22966
2228
81
13513
1590
15971
10601
17457
24431
21873
16540
8135
22979
366
11675
8716
2587
19538
13451
19994
16533
21610
3406
19116
8173
12651
8766
5809
14382
2354
9035
22233
16017
9139
11740
17329
11828
20883
6776
10613
17358
22315
10121
20189
14813
287
22777
13627
13195
1036
6026
812
4406
5900
22555
11458
10137
19184
7443
19095
23411
8743
18549
12991
2174
9155
15217
16942
1629
19661
17333
13146
1151
18376
23811
18776
5061
17505
20344
9771
9020
6017
17368
9985
4820
23089
12359
21217
22487
11129
6062
9694
9823
10345
13854
10170
15966
11487
18725
819
16361
10838
7038
17025
22092
1195
16748
6364
21045
5925
16005
7695
15248
17091
4320
18459
16601
1647
10695
14857
19292
19288
6215
17431
17862
21353
9609
3666
12560
282
20887
10227
11609
16900
2213
18711
10430
5293
21418
13107
11275
23769
11068
14199
8978
9486
138
10263
3293
11349
1614
11893
12955
18150
3380
1863
12136
8303
12437
21280
17034
19773
14395
3273
6707
2402
16322
3733
16011
6737
12423
8623
18551
6577
13816
8507
17465
14809
19221
2150
8252
13536
18918
765
9049
11673
9275
14678
8238
21993
12264
4680
16204
4229
18944
23370
12385
1676
10022
16016
1921
1875
5548
3330
10089
18051
18883
9331
11285
16036
20232
22228
17233
169
8936
17484
9577
15178
7830
22923
9523
2968
13400
612
2578
508
11598
6984
3423
8438
13118
14966
19592
2784
8779
7918
20995
8879
5719
22132
11701
6718
22653
7054
1983
23171
7008
17100
4102
16824
17478
16468
24604
16239
20659
20045
3777
5080
9997
23763
20941
9233
24040
656
18197
10107
13238
24385
17950
24806
24875
7908
15937
7714
6439
21809
2294
9987
15298
3879
16165
23063
10154
19662
733
11849
3577
20745
18596
5146
11134
5615
17759
23474
11019
24352
1805
23128
16251
4694
4231
21876
13436
7890
8609
3369
11723
6520
7371
1286
7224
6310
22926
15964
22336
3210
23358
1126
3241
5954
2615
4758
22355
689
19782
17141
8070
21481
7986
4896
2748
5239
21459
21712
24622
8164
573
8447
21685
550
17556
6882
18130
300
13759
20766
22077
21621
15492
20235
2242
19275
5819
9830
3706
7265
17917
1717
13000
5732
21422
340
15417
5545
4462
20377
19681
19913
24093
18067
14454
8352
23904
14840
4282
13270
6646
19537
2746
2909
12213
3361
2870
21719
15079
12714
16181
23
12854
10410
14716
17520
24111
13138
13688
1974
7764
4599
19968
17582
2137
20907
21434
7688
4062
24995
12074
21946
1370
11770
14238
12781
21641
5779
16068
14745
2625
10497
13255
8445
7939
7490
22648
10084
16378
21307
18701
141
20286
20241
497
17661
23657
16558
17779
2119
24871
20292
454
11080
11650
21289
24308
9397
20024
15684
20400
15432
22107
4813
20276
19173
11664
22737
22674
643
12156
9763
24955
13296
1315
19637
3611
4188
19342
16933
22615
18271
4709
1173
16426
9737
19160
6681
2132
845
12398
3457
21291
7364
12285
14517
821
19794
1454
2842
10408
2011
9592
3848
18457
2907
9975
24990
21752
23607
22868
24967
19479
17274
5120
18773
12901
13361
19424
6144
2944
5316
13961
19605
557
3759
16606
9911
4025
15252
22508
15529
6695
23927
16066
15466
24546
13369
8760
8003
20131
14712
21835
22158
24351
16571
18632
5496
21884
23827
5407
10617
12874
21640
4652
16454
19269
19627
6842
7505
14909
15791
24753
11814
5939
66
7062
19613
16306
19054
14824
15358
15305
3134
16696
6041
7896
17595
18729
2318
16095
7993
16644
13380
19753
14233
24266
19989
11741
8839
9190
23560
4307
1410
11018
23932
915
12346
11476
12370
23817
21102
11440
1255
24280
12861
10035
6238
8294
24897
6491
19287
12688
1753
13744
20731
7405
21334
13592
13633
12787
20806
1564
17350
15418
1233
1843
8897
22813
2041
12704
7869
473
10294
5981
742
21859
15704
16920
2621
2809
15469
3218
6754
22502
17013
23255
10127
624
23605
5758
13812
15442
9818
6394
16219
11800
9252
2447
5308
3103
23196
3021
4014
14161
17880
18407
2550
3382
3313
2792
16661
6545
7263
2157
15404
23599
17662
18588
18184
6743
18812
8653
8597
20825
21375
18427
10941
19728
2491
3060
13674
23094
21832
12121
3730
18515
19358
9558
15804
9863
20840
15266
17878
8144
24115
21853
21964
23548
5222
5818
12478
16024
17954
15655
1578
11389
20478
23383
9453
5461
22920
22878
15455
7799
20574
17153
17099
2852
22952
363
16525
15126
22084
24007
10677
10028
2475
6011
17558
24874
4824
11234
3087
5729
23198
4263
6795
21565
2790
12201
3425
9055
7298
13374
6530
16336
20026
12230
22386
20052
24348
4995
3300
2604
10720
24127
9581
14967
2172
12005
1175
1950
88
15200
1594
7251
6847
18026
17219
17801
4206
15309
19552
17896
16790
20584
23492
7904
19340
22647
24579
5140
16166
8127
12799
12451
6845
11782
16211
24616
19939
18847
5132
23733
6353
16982
7576
24648
10904
507
5859
9320
5101
16097
19010
5629
25
3900
11551
394
5679
16360
15895
10514
2570
7493
24954
421
16766
11366
16925
13087
5605
5007
24934
24106
297
22477
13758
19797
8197
11507
22713
15231
17496
1302
13880
1630
7391
23617
11980
8223
2552
4184
15128
5148
18915
21902
22526
15659
9888
16732
22620
18978
24730
24080
22274
11038
1316
3783
17739
22468
4129
17427
372
16138
24867
11372
22734
17435
14028
21019
18345
4985
14546
23145
13767
4864
7066
14003
17106
11255
17965
8311
5283
8701
3503
11818
22124
13014
5571
6451
22730
6694
19893
14636
18085
5240
24497
19170
15652
9833
11217
9186
10265
15767
14466
7248
7709
13619
11427
14942
11745
5839
24947
16445
3626
11014
17381
21789
14397
17555
9487
4457
23632
13187
16039
2263
20316
9750
1265
10592
12245
3424
15999
13290
14004
14145
5712
22949
20727
6925
1428
1756
3360
7917
2920
2779
6723
2658
15180
16604
1697
21880
12568
1919
21958
23652
21599
3282
18605
9646
14582
16222
20453
6044
10999
15387
14249
6810
1601
14826
23951
11016
11891
21188
6456
23435
2096
4747
15165
10869
22802
23413
11128
11329
8934
12667
4299
1587
19180
13600
4066
14749
8030
13844
14572
22231
7091
1880
10682
17272
24367
19812
21686
8180
5685
1825
24258
22634
18680
13194
5243
18849
24741
20626
18201
8769
9182
360
2973
5601
20238
11176
9865
10019
9422
19595
20618
11702
22337
24800
7327
13204
24971
10785
6992
16368
19486
10255
3897
7131
22417
14074
19007
18156
7316
2598
23290
10040
2013
15515
23687
5730
4595
1378
22863
7226
16860
4186
8527
2005
19146
12956
13042
16887
7826
2279
17883
6783
5382
22609
22435
14102
7842
325
4737
13695
3998
12403
18438
5480
21081
8491
7600
19973
17740
16653
4672
7018
4526
9348
18815
4635
13495
7906
2072
8621
17620
18183
659
17718
24633
8204
8328
7680
24828
23221
16347
1544
5247
5371
22666
16761
4977
12648
12665
21144
15452
7057
12875
790
10544
24872
18477
16073
15131
6099
7990
4684
17769
22810
21649
4483
13970
7741
4883
24565
15790
9812
21046
10175
7274
14303
16408
22658
11397
7947
5930
11877
9941
6421
5922
6290
19895
123
15496
13501
21391
17701
15044
24178
12496
3695
17577
455
3820
1810
17413
2063
13243
15237
24320
17194
19278
20471
1868
24504
7801
3994
24931
503
6291
21247
10896
20823
15153
21379
21758
9914
12614
1010
8654
7861
21274
8820
6709
4867
12847
9513
3800
5753
17002
19281
6638
4505
15440
9628
11206
7357
18178
7577
22063
20963
24710
10820
13064
23964
8041
3491
23559
3422
11894
9315
16870
16206
6525
19470
12049
3473
20411
7559
12886
7697
9374
9961
23232
23206
19600
11232
670
19900
9700
768
1109
2807
12647
24154
3469
16775
6769
17919
6332
3603
8043
12483
7006
2483
12329
15555
5692
22522
7460
1727
21483
3392
12579
11286
12840
9774
16019
5999
1314
2735
16656
20697
15395
6905
4465
14628
7689
22815
17732
23246
8437
22880
9661
4594
4771
4223
14436
15308
16763
12773
19008
1091
12339
3883
679
1885
5329
2111
23389
21647
3467
15981
5767
16084
1619
906
18722
14468
805
24556
11245
4837
20075
13510
4918
20675
16912
12101
9993
13897
20822
14014
21429
4341
21597
22440
15176
17198
23245
10502
14870
3073
13067
15329
8095
1895
17922
18949
17064
22605
10856
17602
21914
22660
24814
16853
19251
8922
9324
1835
8811
20789
16145
10124
14308
16569
12829
13777
836
11888
18021
9208
21326
23084
1269
14264
216
7965
19698
24087
15384
20290
14435
19805
8774
12311
15230
8990
314
7851
16699
23915
21324
9043
7234
11405
1673
1809
23641
8887
7636
5072
9695
6635
1643
15334
17925
13529
21813
1518
3615
22029
19338
21411
4440
4370
2771
19665
21249
4177
18665
22960
7926
8021
4143
1570
22287
10373
15818
17307
5015
24414
20269
23578
986
4487
15449
10793
20370
13703
10337
18988
17462
4908
2480
8397
6308
15899
11050
10391
5652
17909
9868
13932
12642
22273
14202
9259
2116
10355
6964
17826
20737
23237
20296
7070
6019
2933
17425
4686
4107
22537
12747
13375
19888
3494
3873
5396
22745
13205
3110
6396
1672
14683
3582
331
19585
24781
10180
21895
21774
7154
14394
6107
15951
18446
4085
11488
13458
15482
4832
4101
14735
13428
19644
4925
22035
7404
5921
13017
11355
23820
6363
16526
15837
12725
17451
15213
13294
11990
466
6510
4225
2046
12090
2642
15931
5665
24676
10230
19004
12924
24069
16618
16686
17588
11953
11733
16316
17310
10117
13059
15593
20482
14736
2726
5624
12556
157
21927
16184
22214
4017
16113
8355
10103
19749
8246
11549
6465
22755
18015
17566
12717
12710
18687
5842
5344
13882
19014
21936
7949
6750
5320
4302
20339
465
17208
15867
4902
11023
11994
1892
16812
4159
539
22988
11582
11613
16779
6313
11935
20207
24666
14950
23170
12963
1883
21069
20225
11680
9445
10611
22096
119
6249
14302
20729
9007
21510
14920
19817
21397
7046
7078
14193
1563
17942
19890
5404
12427
2069
2454
18987
15163
12185
3548
12631
10624
10341
17847
15948
2987
5952
2442
6672
4439
20981
4260
11543
10936
10400
9893
8466
18365
9378
8792
8673
18908
20774
22405
17304
3149
7022
13611
7603
2123
18583
20387
7572
2477
15841
12982
1606
10972
19159
23897
19894
4609
19500
5474
20895
4432
5617
12131
5867
18297
16088
17795
1229
9525
13259
3616
11556
6096
1879
20891
12532
16616
5806
16265
18482
12676
19468
13057
1573
19524
5911
10363
23423
7623
20999
7883
14481
19389
1523
6824
11834
13168
785
10995
12210
12948
24825
7366
8514
13262
1583
1469
13901
4570
24204
175
1029
8110
17436
22754
3341
22546
7946
14094
20121
17452
6797
17216
22583
8259
24907
24192
23800
4363
6196
24402
7271
1409
6504
3288
3217
2946
10589
3739
17818
22873
299
19186
10171
18128
11436
11161
7413
21778
14007
18417
4241
13080
7778
16528
9188
8493
4395
2387
6552
23029
7200
18182
12990
12263
13967
1038
1595
6178
14947
17256
396
772
4309
23649
13054
23879
17687
21543
20314
251
7879
23247
22182
24861
8800
9624
23799
208
21885
7304
24586
23610
2486
24728
10572
11962
19434
8153
21336
11608
11074
2012
15533
24895
6092
8896
14675
3566
20329
19374
24302
393
24673
23702
3537
22876
13591
8395
15699
19590
4718
8882
7875
14726
2785
7125
6344
16916
4506
20614
11731
4339
8695
2638
13746
12691
11034
23741
15364
19101
22230
17098
13942
17104
1997
237
12087
14098
15107
24915
3294
4243
8963
18290
24703
1912
24602
1798
11293
18325
18671
9896
18212
1678
22232
17354
12695
10946
20893
19422
10166
10225
11415
21055
5973
22177
22069
6921
20333
1725
15771
11519
3785
24379
2302
18505
15368
21674
10548
11098
9573
14060
2191
17897
5287
8929
17841
21639
10317
22901
6049
12164
6487
13172
6258
2091
10893
7835
23896
6715
10639
901
24635
5219
20601
15812
18835
19609
14841
3614
11213
11725
10012
8189
18889
4962
11096
21224
10625
1492
11202
18739
1849
16488
5421
15189
14803
10702
17703
20036
8036
2543
8761
16313
22656
22954
13085
504
11172
18189
8610
2332
23296
2381
19502
9698
17146
640
5018
3682
352
1815
11605
11668
14274
17603
24428
8086
11724
14213
17859
9349
20406
572
3988
12750
755
12893
13768
16272
8812
16657
22086
1609
6821
19650
21764
11682
703
14860
18663
21825
13817
23295
23396
417
12877
4124
9723
14553
19980
10763
17441
11931
16837
14635
20260
10522
11210
15338
19325
18676
8091
6122
15064
13137
1538
23072
10917
19685
13636
17589
21470
19642
24365
10380
7348
4454
9366
22340
3222
13739
2276
12205
7437
10599
11853
146
16568
15735
22249
22837
69
7282
20632
12102
19581
16434
12464
10529
2484
6133
4278
5768
17652
20473
14021
23323
21848
14451
24082
8407
9048
516
15949
7277
14252
513
24075
14009
4336
11460
7309
17229
23478
2548
12095
24660
15166
17738
4080
5508
19000
12792
4628
15713
22626
14797
2709
13626
5195
20355
15806
4151
18747
13701
11378
17926
21325
20317
8220
20590
9943
11593
12918
13363
22616
247
20755
3750
6650
19799
21446
14822
20251
15795
18040
215
15719
24984
3219
7178
18877
16326
19306
22458
13851
1639
6673
11358
17477
8740
4845
18610
20149
3197
16479
9740
22401
12965
13750
17370
16021
17136
3151
20423
6304
8342
12914
2289
16009
13421
6274
5796
1674
18698
6237
8199
16078
16966
1608
10809
10745
24591
8069
21995
8509
23901
20080
17282
13101
18975
2227
1837
24095
23673
11754
8338
7330
1343
19940
11972
16207
12690
18753
4583
24685
15218
14539
10561
15122
19230
3755
20345
5567
248
14338
21346
145
21806
6691
9288
9994
23918
18563
17082
8925
17951
9583
4148
3585
2060
3639
20866
2730
6496
8122
2392
14526
22762
4611
9177
16785
9206
20126
24189
8058
4240
19135
18607
2567
14097
15989
8078
2313
15389
7743
14432
8799
9531
18239
6975
24113
24486
2805
5145
12054
9431
6228
5301
