17725
7245
20297
7779
17071
10086
2827
6233
11170
14790
3366
7894
4995
2031
2661
14451
21119
24461
5913
24597
3788
1435
6279
18944
5468
16202
21783
19356
22574
24565
16234
21047
3418
9027
3839
12526
8876
23246
22199
16350
22496
23026
5665
22460
821
11403
5709
1743
14028
46
1190
15818
1536
20823
14886
7170
16648
6993
20864
2203
5079
11413
7517
9395
9556
1630
3511
23798
16365
1641
4882
8724
9612
11536
4432
2548
11178
3347
66
18867
20761
14546
14004
4925
5145
8737
13880
14417
8299
23406
3014
3559
17888
17205
16510
16979
1492
10584
1799
13767
2844
9694
19108
9148
1805
6968
7857
2524
12878
6997
24335
22881
21629
18826
12605
18543
17479
9985
1891
22051
5148
14931
5152
9035
1997
12868
491
12398
23101
24683
20689
9349
19486
21237
18623
12432
140
23991
20567
81
24095
5442
6673
13688
11654
10946
6455
11904
16815
12232
12482
14842
24258
21896
7795
12075
5389
1389
18733
20703
11651
16115
22220
2781
4728
7661
22938
6567
7249
21770
21430
3183
7265
12594
8579
23733
44
24639
21637
22863
15742
5243
1890
13695
21972
17557
23404
8807
11875
7200
24991
13168
18561
2884
2266
12052
11425
16928
9673
3953
13070
12578
6027
22484
10682
9380
15128
3566
1765
19440
2400
24546
11214
13355
16924
7826
7018
18626
11266
5534
11660
2567
18599
6019
11816
19007
15943
19296
18556
17760
22758
7460
3333
12808
9867
23
9325
8961
5763
3351
14588
7417
6715
17837
10945
6850
9883
10997
3122
12424
11201
4633
20299
8134
11366
19468
9421
10616
21366
6082
21809
17675
8518
11119
2215
430
8029
16336
16208
11649
1167
21357
24040
11190
23155
10256
12253
24278
11211
7057
16720
6512
6261
22622
13122
8122
15940
4646
21986
15524
4482
6635
1122
24301
18912
12982
9596
5917
12942
5013
18239
21921
23820
848
13483
7248
7784
20061
6915
2011
22744
300
5397
5113
13818
16929
1275
3367
22401
2024
15747
18412
7143
23458
13572
15601
5637
21041
13086
12617
23694
19605
15357
21901
6718
4586
7026
5862
14915
19685
7022
12466
16801
2507
7220
19831
1505
6364
1211
5496
8043
18279
12121
16773
24446
14692
13144
2680
980
11079
12242
10153
13306
24504
13914
13825
20329
21361
8826
19595
19021
16750
16416
22737
12713
269
18001
17602
15364
22410
13810
995
1491
4938
9540
20963
10625
6437
19342
1923
5865
12140
4099
1434
23528
16491
3339
1697
20482
4309
21558
14744
7306
23063
4411
22158
19560
5615
7000
7139
10545
24762
17832
21326
23559
4398
7343
8649
8983
23544
18066
10556
2307
3199
16273
11736
20993
11051
22132
10084
1219
17011
2772
18992
19900
17410
9592
20716
20411
6821
9607
14145
14525
17677
21363
6519
16028
2436
19450
16084
7770
7801
494
15736
23731
8922
17370
7689
8445
11962
20990
4527
9043
2896
19888
13316
16775
6776
14809
4439
22152
15515
12622
4454
4883
14877
16500
1086
21008
5562
14879
15126
19319
3700
6442
8407
7131
18020
24636
473
19853
13758
10024
14370
6949
15345
2505
19357
18932
15554
5668
12568
635
21640
7618
19452
22439
20370
11781
9602
9330
3778
2188
16445
13693
19714
2464
16537
22937
6828
16779
18491
24783
16887
16303
7321
12137
1410
5664
10341
7547
22723
742
18891
12863
11538
1896
17002
16004
13701
11888
11115
8727
18687
1913
19245
3518
10726
7555
8786
1486
13064
7782
20909
14252
4684
13820
9659
2335
2874
19667
6062
6164
6092
10801
973
5149
8236
16019
9554
20514
5128
24034
14435
17753
16095
3848
12662
20229
14635
17483
22351
1188
2238
11440
18129
10732
10481
6684
18528
19351
13635
14813
941
22396
15099
3650
24806
7473
7109
8696
18793
13194
1581
19079
10772
11507
1530
1402
5181
9340
17611
5632
17083
19014
3898
7403
14636
11928
18632
18841
22324
6356
6612
6461
6239
24849
2166
7425
1593
19584
8551
14259
20377
17304
22487
23197
7226
20917
24592
1833
8318
22290
11791
9868
20866
12208
22346
15414
7494
17161
1739
15599
838
6830
8979
19326
4551
1908
4277
8360
5863
4813
20356
23599
24113
12007
17272
407
23050
20131
1967
15704
19844
5163
18051
21764
91
16409
7127
15593
8438
18610
9453
9995
23163
4466
15016
2484
12955
3743
18536
8995
3939
24871
3471
15899
9568
18557
4983
13484
2498
19799
13233
21565
15069
9182
4126
23353
381
6292
15273
887
22269
14188
17194
23917
13882
23186
10908
8618
9919
7790
23322
16170
12489
15418
5811
7327
589
2852
1973
17064
13907
24863
5767
12708
910
10820
15684
9943
1989
10249
4014
449
24898
16646
18085
10650
11378
6375
5448
21314
1054
1532
21917
24002
4409
2624
19325
11803
14238
22954
23541
10027
7842
11995
22103
21751
2506
21884
3592
9003
21258
11068
7798
7544
18215
22407
2176
15905
3751
11547
22891
1540
19101
16755
7347
6608
10170
13095
1787
12505
13501
1790
20603
274
8665
10936
15140
16542
1197
23354
19188
844
19119
20056
21263
5061
19891
8604
9800
19792
799
4262
10663
21011
3606
4815
9162
14441
11675
16761
2995
9619
17919
21820
20884
18375
5670
13782
5710
8566
10022
12423
10695
15643
21433
6641
22337
17351
10986
24589
24194
14204
23577
8802
14005
9513
19112
13537
21304
1039
10518
13599
22779
11935
22799
13445
14247
503
4190
22136
8993
15042
4419
15981
10645
16911
4162
13761
24433
22966
7594
4526
22435
14639
2966
22360
20750
6205
23649
6509
12990
506
12179
5262
11405
14245
14458
11436
20409
19526
24633
2443
14044
6723
22841
11488
12685
3423
3
17013
24534
23977
19428
18113
4662
14828
24089
22221
3826
13704
6167
10499
7197
8037
10893
14104
13500
1455
6338
16676
2812
4108
14721
20304
2694
12346
3373
6760
4992
16485
20560
21732
8550
8749
3299
21948
8180
19121
22380
7739
13736
22605
5404
831
10391
21212
4118
14582
1564
19136
13789
16860
24621
22660
16289
6142
23189
20246
5746
128
11111
16925
4369
15318
2450
11687
11053
24833
1238
21865
20255
2570
9476
12496
20330
6990
2684
558
3021
1673
14146
5848
23964
333
3195
18369
16638
9787
19153
11611
2681
17957
13042
16885
1847
7702
5654
17208
16571
23849
7940
4107
18691
10430
17256
13172
16830
21791
13096
23982
3181
14021
1330
13536
21386
15462
1462
10644
5989
13656
24970
21876
6725
15432
10176
23347
21459
2748
21569
8091
7196
13338
12506
16386
16561
22868
393
2937
13017
18729
24234
3828
1993
12144
7576
18949
18189
12557
23094
17141
3474
9320
19730
4229
5520
23413
5464
20681
17534
17662
2707
21902
18365
11415
12999
23918
2485
16251
19174
2173
18773
22336
11632
16066
622
1857
9057
1080
13256
8137
8193
1762
11640
21825
16432
8164
13750
530
8567
9834
10603
6034
17731
2140
10592
21292
19374
18719
16947
9636
8792
2057
20664
14831
23642
14530
20900
2402
12983
12290
16247
22662
11613
9825
24289
244
16087
4069
6404
18056
23341
8058
750
23108
24014
21866
20649
11551
1844
8265
1611
19898
8283
1467
17733
22514
18138
9265
6258
13769
23143
1829
23677
141
3437
17687
18067
13118
3467
675
20735
4970
13198
18229
7054
9197
22445
4826
23845
24643
13294
8352
24379
6390
4142
16455
11565
16959
1656
10839
20632
20659
21977
19067
12301
1278
17451
18436
9609
8892
11871
11582
8651
22394
5252
13575
17603
7277
590
15346
14688
6385
7442
22943
7960
12740
9714
453
6587
15549
21678
1974
4431
23272
20129
4076
19537
9941
12563
19203
12484
23605
3197
7551
6303
16837
8743
14025
9736
13509
5144
5080
4687
4920
15198
20097
15655
18142
3187
23229
18206
2000
16256
663
7355
4629
3093
4747
12006
1573
1588
9373
18796
2257
23175
20802
19042
1524
6707
8502
17519
1481
23572
3388
14517
23196
6465
20718
20800
23425
20527
8128
6908
1296
9979
16360
17258
3469
17416
8654
317
1259
21405
16443
2312
18026
12790
15288
17743
6003
18889
24553
11751
23014
6557
24385
15966
20333
23894
12128
8775
22215
1230
13302
10381
15206
17549
16938
18174
13236
10838
24416
8606
10429
5242
13380
1998
23462
22232
16518
16402
3616
18356
11931
2465
8660
7370
4797
10228
3473
18747
22419
3640
8507
23688
4609
421
14314
17226
2162
20492
23907
20314
11602
785
2596
1253
19210
10225
19412
22219
24249
1171
11664
20086
12556
13090
24816
11573
12287
3614
18236
11598
16908
4172
3488
22056
6694
23808
12688
7284
2575
23053
10613
2157
24256
23979
18778
434
13885
21945
2086
13019
5231
24147
1041
21112
23417
12082
13341
19980
11983
1996
19491
11329
24667
4320
17590
24292
13956
17129
7178
21686
3219
23344
16656
7951
5174
11749
3051
12693
20757
9538
12534
4017
3457
411
11710
4768
19553
10400
11543
13771
7579
12213
21177
624
12632
18338
15322
15659
5115
5729
16374
5835
14192
17462
17202
14585
18257
24354
13476
3300
22648
24634
3612
1378
20391
15693
23664
14341
18382
6961
17951
22772
9165
24627
21029
4366
15455
8625
13488
13375
20592
23089
10025
23407
17098
9833
15964
23517
10676
24710
16021
1291
6344
23839
4326
7388
4845
10624
13913
20974
129
24110
1024
24119
10854
12948
9199
20832
9238
6245
21446
5214
9854
6429
15837
2807
17333
21280
11423
21391
6620
18640
20536
24342
10000
11019
20169
22526
19350
21271
24963
5219
2586
7562
24853
12059
20789
19340
20706
4822
10835
21401
16523
24208
3947
1770
5891
10966
18476
22477
22317
4163
4349
19852
13929
2931
18372
21793
10882
22620
18176
22645
1060
5732
6606
5528
6686
22391
17999
2977
13315
17511
13763
13751
14388
17818
17710
8527
12931
16361
1088
12560
21231
10941
18209
7984
15804
9315
19449
9004
1921
24671
17728
13117
5474
8695
21529
15309
24808
6130
11972
21294
14147
7120
10721
19247
11033
8203
21017
21334
21674
5633
22730
19939
7588
24814
16199
9314
8934
3477
13363
214
21767
6842
10846
4830
22029
20290
13512
20869
1279
11376
20822
3961
15621
13694
1720
3425
13101
6487
7967
7656
3690
17993
14418
10297
14571
2712
14023
19782
14898
8089
208
23932
16467
9491
17481
12591
6905
24648
7764
4051
10350
10099
16840
3706
21323
21774
12655
578
15635
1669
19592
17739
24104
18622
12552
20570
19363
1594
22393
3238
8132
6926
20292
16601
8070
10155
4694
20697
1049
17207
21904
13137
16065
15750
4103
22107
8204
20312
17653
15741
12347
5359
13067
8611
1458
4860
1287
24930
17708
13592
19604
4111
14703
3463
6460
12187
15034
24082
15874
12464
16743
11270
4771
417
20573
4864
19904
24153
8285
3722
5201
1068
8936
20894
23805
2550
24287
20470
4476
18156
16550
15520
13242
22875
14817
5114
21599
12039
6394
7320
14057
23637
11459
5819
10996
23762
24137
10137
11031
22742
9067
11700
11849
2212
6558
14613
21851
17896
2161
25000
20903
5955
7443
21671
22096
5790
14098
12747
24867
2471
9207
2604
3295
5813
8971
4252
12857
19422
11269
14216
6805
24984
15252
157
21033
22572
23126
8062
16967
9737
18663
20237
8397
13535
4230
16219
19563
15187
9891
12924
8459
3196
20296
18201
9261
11358
11817
17358
22876
18875
24722
22805
6175
14611
21849
15
4302
11570
17841
6719
10290
18235
14682
6576
3835
7043
2655
12320
14769
4703
4289
24391
10588
15250
6962
24387
218
12667
500
14297
3599
16203
406
17307
2936
5938
572
8055
13759
12535
11038
16845
23201
103
9760
6091
16812
8163
713
8116
8812
13671
4994
7623
9987
10892
20793
17469
18311
14668
9007
11476
21621
22814
5972
13115
15730
9911
11456
21274
14494
21999
8481
16705
19261
19518
23831
10968
1112
3789
601
15081
18779
23915
21573
22839
14993
2572
18245
5004
15166
13372
2929
17954
8597
9000
2175
21676
5007
18606
19446
13837
7786
18673
2868
6806
23523
15354
1264
17577
5553
19073
6224
14518
19125
7407
14063
1038
5192
20621
16644
10306
21458
3808
4087
7450
4159
16235
22488
17173
10776
17322
4682
15812
6081
11402
24653
7550
643
5400
22427
19559
20775
20323
8415
902
8435
12824
8013
13978
1643
2328
21100
10784
16184
14982
7586
24298
14427
17661
911
12965
16870
2114
9565
13319
1072
23566
21539
5249
6538
3407
18515
7771
9774
8052
1750
11275
12637
12430
14308
21256
5476
8364
8140
225
8555
11614
3889
18459
4341
6681
2460
11044
16149
9814
6925
20505
106
1893
3577
22813
5954
1885
13661
6084
3818
6180
8781
9242
1104
5240
3453
23978
23763
15486
18613
7361
16005
8176
21546
2364
23286
5851
229
7741
14654
17107
24715
11997
10522
19749
22255
9348
16450
23179
1428
2525
8666
14822
15279
23283
552
4884
16262
17063
4506
14127
24684
11789
19627
9435
15791
8412
14837
19182
7395
17025
10327
19104
6589
4494
12642
7250
3590
24588
4410
16311
4492
15289
10611
14922
8189
1409
7490
8650
19672
8589
12077
7093
18803
22666
6928
16696
13207
21916
6545
23793
4271
3736
10753
1892
22214
21121
20368
2074
10457
684
16567
10173
11731
20808
19808
16012
5900
3172
21175
6743
19944
18649
1702
20463
23596
18472
4197
366
20319
22539
5410
11277
4509
1753
5045
4887
8890
16214
5477
10566
1875
1433
16306
17271
6841
11434
1328
22331
21376
18831
478
11680
817
24402
9322
4203
14448
7584
13817
24825
19762
13035
15948
12095
6004
11958
11016
3728
8978
11686
6677
24028
17425
16666
11637
17963
6146
12397
19528
1005
14123
19923
22756
5212
6122
19517
13662
22233
24164
21451
18423
17
3520
12659
11035
8985
6425
10324
6859
19309
11395
4743
13968
8205
3860
18690
13360
18762
24759
13284
243
8879
17368
12822
24704
7424
24308
24178
21168
21325
11172
12533
358
3486
19894
2063
4136
24681
3336
4573
5457
8480
9523
7125
24365
10720
14440
22354
17159
2317
232
20189
659
22858
6154
23657
20930
2077
18077
6020
6290
24362
23719
12090
10089
4170
4988
22880
23008
222
4471
19004
16091
9898
4522
12417
5590
5679
22319
4705
805
20642
22356
10962
5155
20121
11150
3611
2117
19336
14849
19454
18898
24026
17374
16343
3954
24744
11232
3071
10617
2150
840
18332
24069
14134
8872
2106
19583
12714
22084
11124
15127
15529
12161
5701
17532
12531
13265
24586
24708
8456
19986
17306
8155
19259
14394
10589
10702
15392
18849
5880
23712
14124
22348
18397
2646
13663
4594
12275
21914
13395
13204
21561
13600
9457
20707
18758
3748
24150
2617
17353
13768
2944
24579
4091
204
3400
14959
1343
8824
753
2870
20234
22929
15800
11712
16914
15157
19565
3551
5301
5195
14288
14300
21180
21522
17826
14219
2060
14880
2983
759
15912
15619
15112
2012
15660
24318
3069
18140
3777
14207
1213
6099
18643
4000
14516
15857
9416
8912
14732
6603
23226
2480
13091
6048
3581
11391
1123
14079
22007
4280
22852
6817
17614
22231
23269
16009
15978
8680
4201
16150
19288
14115
1314
1304
1109
7225
21039
1375
9114
9933
2387
4376
15260
7990
21129
230
3785
10331
3176
3068
6451
24655
16616
2838
1819
21543
6683
11057
20316
18243
20813
15934
24641
15245
18550
12486
18048
7605
16980
2490
22120
18936
342
22890
17081
19345
21885
3727
6507
2491
7731
11442
12378
18130
1764
3765
13270
11725
14481
5431
6293
160
2519
10907
334
2226
6107
13054
1879
21055
5716
22315
7965
5482
9266
12192
19383
15237
5010
12823
4137
21761
24477
1395
16629
20931
17436
3198
4066
11034
19600
7179
14449
8383
2096
2531
9324
16805
14738
6454
21577
296
340
18646
7060
16132
5939
3087
18471
13239
497
2213
21383
24777
9229
21337
1935
13255
1511
4820
2842
20349
1569
23439
8499
20581
21958
17652
24059
19281
16218
22114
10818
13550
4619
4139
9464
12359
15442
2955
19619
13533
14749
3701
1707
14087
20814
12862
13177
21835
18921
24824
14712
15465
17192
14033
9024
9080
10265
15467
15694
24709
11080
16138
4030
12206
20286
790
15663
19690
6263
12125
18468
7274
24409
612
3942
10353
784
9143
2099
9400
21389
4148
3186
2744
23317
14009
7882
17216
3249
19173
19235
13080
17861
20895
21291
24908
17164
2385
6237
23473
12569
9695
24226
1126
3879
11219
11202
7046
2649
608
10194
722
2119
12102
544
7865
22508
10673
9955
22188
13844
12899
3638
18823
19662
17688
21249
2329
19406
24562
1544
8041
14278
23948
12308
5380
4967
791
18694
16133
16204
12542
5489
3049
7636
9275
5600
16194
14416
8487
11228
12178
20636
24934
9200
1954
16495
17704
10355
23377
22258
19511
20195
24509
11814
11180
12201
11905
4331
9194
20732
4191
13436
12478
9832
6896
2517
513
285
3621
16025
12783
11377
15120
12283
9490
22646
20175
465
16468
11241
16744
738
4131
17712
16836
15503
178
516
4977
13217
17023
3739
15551
18533
23245
14049
24839
19002
10243
11662
10375
8990
12599
7559
11132
7014
21478
94
19577
23454
6415
16109
14747
7643
1234
24499
20275
9509
3405
2895
5809
23308
2837
13545
6072
21711
2834
19337
5968
20471
4153
24221
12986
21056
8279
18475
10337
12010
11343
14176
18792
15762
14161
11609
9913
2069
17452
19872
593
13187
18535
5832
1316
10307
1454
14745
1809
5552
7863
12980
11083
12353
17496
14504
18150
17273
10050
18482
16540
2957
4055
10825
16043
15893
602
21834
8514
3325
9846
4958
9661
5795
10277
15999
24614
4056
16966
23505
3787
6028
6847
23769
9914
1193
21210
18154
1448
4010
24828
23453
17080
23665
8887
1312
1810
15596
2576
17965
1151
1774
9954
489
22301
10791
21352
19256
11474
14789
3264
24895
1629
23141
10754
8904
8069
17791
2508
15009
287
13828
24696
4307
10741
21205
345
22633
15476
20618
12456
2037
5179
7835
12974
18223
14908
93
23260
1722
12293
20566
17805
7629
17795
1518
22122
19230
16765
5469
7323
8184
1311
4849
11165
11389
8494
21962
18572
17808
18607
11009
18120
5323
14902
16948
4777
16039
8653
7445
12246
15627
7714
14144
10085
19231
21192
5869
17146
23471
10020
12548
11979
23256
21913
5945
16712
13921
24212
5173
14356
24426
22694
5467
18713
15936
2828
1460
2477
721
3286
2072
24396
772
131
18252
22314
18261
5382
15796
21649
14303
5545
5165
13463
15994
19472
8284
23875
8926
22052
2992
9801
17812
18133
7861
5981
812
23960
24874
6049
7947
23304
11532
19955
15951
22249
9442
2621
10739
16347
2295
5321
3456
14135
19495
11560
14280
9544
15473
19538
13510
13012
6749
12475
24728
24832
5820
1565
22741
8745
13890
10410
16405
5720
7968
10
16995
17520
17729
12707
12141
10687
17261
2013
21911
9378
5818
5878
9931
3241
21719
22616
14109
12644
4231
6834
24279
4216
22598
15518
18878
12131
24971
19968
15061
18325
8200
10782
17344
3211
9049
20686
5591
3059
24190
5656
6895
24753
15820
21641
6483
8351
7316
21927
18769
16212
8110
11314
21367
21290
23323
10180
24659
21346
17732
22683
8717
325
23210
3029
1495
19282
2675
3979
8437
19916
16785
15021
3561
24352
14189
11489
20456
15895
4669
14461
15658
2186
8223
5403
9274
21990
10135
19774
12336
310
3905
24741
24127
8776
17431
16068
19681
14527
17950
16003
6202
13178
19581
13211
21232
10932
14559
8003
17198
19026
2904
21714
14793
5146
17767
15133
21102
907
11812
3965
15795
16134
16855
12901
11018
3024
21397
2301
4670
3050
20241
19780
6291
24789
20397
7778
5421
2361
24041
6287
7687
17926
5366
6975
23904
19161
7831
17933
21994
363
23451
16356
4006
20854
5610
1595
19278
10809
2430
2172
16401
21369
17449
23384
17003
3103
10138
9046
10229
12895
21480
23652
933
822
13099
5177
15019
12225
18671
3499
282
22404
15405
9572
7336
10856
13805
9255
3427
24102
10926
5254
10983
22086
15043
14778
7603
24376
11002
16657
14531
9823
15898
23800
16088
16187
3294
22063
6621
8946
7468
1624
1233
20819
1957
3763
14824
7670
21086
11321
7895
10690
22967
8491
23901
20790
22901
21244
13970
22959
15248
11897
11524
603
1604
24580
906
109
9686
7904
557
10363
13001
20520
9628
5568
12710
23865
1543
4132
9862
8760
12835
22734
6176
19130
19160
8199
7962
8574
18170
67
2082
13990
20198
5867
8108
18987
4200
15119
9449
18615
4263
12011
14890
3710
9366
16446
15566
18665
17909
3707
19228
4515
11990
14409
18434
4756
24800
4708
8585
17276
13195
8673
21823
6750
11673
22092
8774
21247
4395
18871
13851
24189
3232
7474
12963
539
7457
10771
12101
4460
15189
161
6313
9177
23760
7405
19882
12749
53
9640
16933
14920
17504
16463
9186
21016
16533
90
19493
2892
15713
13754
3906
19362
7271
19700
2360
21103
20890
22849
18284
5546
5416
18500
10615
14357
22773
8329
24609
16746
24557
3988
4896
8563
2615
12499
15973
3489
18925
9658
14214
19103
5606
9422
17880
22562
1450
8815
5622
9054
4904
23290
5307
11713
4272
11254
299
3832
18162
2840
24916
24458
10402
19883
6332
3883
16001
15449
6039
19946
17229
19869
16573
23110
12056
138
11702
5480
20052
280
13087
15179
19809
5227
18901
460
24798
18457
20498
1756
1727
16458
801
10555
4106
8458
23198
14286
10294
18527
9984
5419
22440
1044
6087
16291
7700
15570
11023
1286
15767
4304
15931
2354
18761
1592
21336
24508
8095
24091
10269
12333
24931
17664
20120
22073
14065
769
15062
11355
20967
10015
22570
8153
24132
16368
18827
22745
15176
20181
17637
21607
23000
11206
11101
14061
20133
9359
14815
16382
13033
23238
8422
3994
17212
9184
19699
5540
12876
24781
6011
11607
20245
20206
18966
24516
12695
8358
13259
3444
3673
7458
24570
3149
11724
21151
7464
18421
6687
19010
640
7396
5023
21050
22340
5168
12227
17105
7926
7162
16014
19054
21697
10275
146
7224
8375
23206
19585
10472
15294
7268
12704
3540
11877
18438
20915
5392
20247
703
12939
1897
21217
18748
12426
5651
17505
11863
18526
21875
20306
2294
8700
22583
1912
13720
24884
17692
19805
24995
22656
15303
23058
12755
7290
5609
24107
21848
6041
9499
16949
13450
22989
11603
7525
14338
16904
14307
9763
7357
15459
22963
11401
22658
4440
4737
267
7263
348
12268
1995
24108
15539
19630
16626
2156
11668
2313
17906
1273
18894
1895
21622
14185
4581
12392
23374
2721
9938
8728
18378
4707
20243
13226
2237
12554
11837
13840
22481
8112
15958
12658
10483
21516
17927
11745
19787
8107
19543
15096
20983
8766
8303
879
23184
24920
23136
7034
20805
16024
3218
7691
6384
12674
10675
11107
15041
19650
10953
10268
88
23231
17773
10303
8747
11996
2808
1256
6582
10129
8796
14549
15197
23718
1352
2809
4735
10436
15213
5280
15886
16327
12847
13834
5690
22230
4407
22313
8021
18419
2771
10745
13209
12264
19613
15586
3052
12205
18512
9533
12100
9397
5697
8982
9932
16864
12339
22511
2640
20344
7192
3416
8468
8917
24967
21853
17878
733
10918
13961
8319
7017
169
10637
5390
4378
17968
8708
22405
9710
550
11127
13205
6078
14781
4832
24302
20766
20825
18032
4858
17881
24323
3458
8066
19598
3639
8201
24514
7258
20833
7572
6369
22069
12427
19379
1538
6578
20016
6401
17674
21422
13304
8831
4918
3756
17595
22573
19524
2393
8469
5759
3385
12278
7246
14827
4182
20107
14491
6165
6737
7078
10972
21289
14755
18213
5640
18627
5131
6663
7709
5284
20995
5246
3911
12087
24703
15434
12368
3548
17524
13685
1700
8135
24882
20276
23352
7070
20024
14841
15670
1315
23448
15756
21589
17274
18908
2132
14513
3731
5753
23237
17859
14483
20337
104
19960
16606
18266
8944
22411
13449
16522
16018
11217
13432
16582
19561
18596
16246
23364
2068
5508
21662
4610
14942
10716
20526
18136
16956
2338
11203
13722
12877
7215
1208
9311
6308
12119
8643
4847
15261
2549
16678
12504
22889
1029
8093
11198
4800
19989
13739
3411
11533
3293
765
20575
11894
1364
18182
13777
12653
24097
13056
16417
24675
17669
16671
3203
9818
5629
9717
23943
20481
1546
4713
17005
20887
810
13181
6789
17106
6168
3134
1863
9997
7939
23944
12370
12614
20907
13976
9865
15919
702
10793
1517
5930
8400
13906
17501
1910
8391
12976
23927
1578
2806
14665
20762
19292
3660
23898
15319
23749
6249
24411
5076
4902
17932
21082
192
14153
24699
6918
19105
2467
10151
14266
14071
11285
5072
24204
638
10677
23781
13275
511
21436
11741
13374
24861
23581
13164
18563
4085
2422
12122
6754
5911
6132
9541
9893
9495
24907
15561
9525
15600
203
11936
7299
17329
21139
14857
4046
20769
16181
9821
18187
8207
9880
16209
12112
2127
7837
10485
22085
12367
19664
17942
21470
18040
13446
16036
2974
5247
17082
2155
16407
20251
15806
23601
2396
15389
19812
11650
9872
13323
8621
11273
13000
21762
3055
9852
10037
23799
23655
13949
17576
15497
24801
2933
22810
16824
18642
3057
21486
7155
18868
13422
24213
9708
9531
24622
20515
20358
3714
19147
3370
19875
21379
1717
1248
15033
13513
1220
2370
22471
10040
6331
22000
6217
19979
16669
23301
1370
16936
4490
3957
16776
10254
22735
15938
23174
23767
21960
739
24050
18680
5239
1442
4123
6964
10317
8161
1665
24428
12032
21278
20510
5296
12
15548
13973
13014
8537
21685
16996
2815
10659
12874
3981
21547
19221
22250
11
22406
3095
15085
2276
17195
4962
16653
7859
15142
1614
16920
3292
3570
2137
338
19582
2302
5017
7871
11196
16528
7391
4804
11169
2272
16145
24201
5245
12260
17288
2894
1246
5492
22576
23171
582
1175
19177
7873
19810
19445
10323
1144
8423
2177
927
7812
12625
3901
6525
894
5657
11024
22770
18910
9851
19334
7126
20064
16766
7080
5650
13108
19609
12608
22941
12911
20727
21752
16324
23423
13361
16453
7503
24897
20523
24244
4540
14797
21895
15528
10241
12385
14851
5027
1128
16308
11940
6882
13182
5120
5907
17282
21434
1731
10380
3459
23692
3900
1346
20872
22502
8239
4003
23635
5806
4955
7413
21590
15507
23170
2882
15204
14870
11479
20806
5842
16526
11818
8065
7569
24682
6910
6267
426
21906
6898
15652
23160
24018
18576
24421
19359
11770
4420
480
1135
20999
6322
21109
19642
10012
4939
8761
5180
6504
10669
16383
1672
22632
15452
22355
3691
9840
11370
12180
15803
15267
23519
9547
16166
6675
4519
10376
18087
2073
14678
21603
18487
19035
18518
20902
5758
10531
1878
20585
19216
11458
6838
18251
20584
2217
14325
15626
20025
12624
20126
51
4315
22300
20022
9100
19373
4025
21079
17801
13934
8311
18110
21560
5016
3048
971
20066
17465
22451
15481
5999
14103
9806
15368
3964
20125
4951
7378
23827
24812
22265
5345
24395
17588
5495
9188
10055
3337
8252
22610
9298
18344
9812
5129
6044
8828
5339
344
16362
13943
3404
1533
18776
5922
7063
1815
20663
7549
18389
24541
9190
21936
8030
21130
12388
2142
19424
16575
15339
23321
6951
172
20196
8019
15832
610
2867
7918
20590
17931
8471
14953
13665
15692
23326
1849
20755
23084
13611
1840
11352
2091
9220
7232
15521
17711
13717
4767
3163
12450
24112
7501
6229
16370
24437
21784
34
6479
6688
23399
2056
4104
12463
4806
17945
22010
8158
9124
24830
2111
5310
18461
7350
9155
21000
18725
7986
18021
5983
24652
13200
12004
20653
21818
22769
13932
24130
2968
14097
22374
7577
4060
4206
8652
19394
16687
6008
8328
8275
22517
24348
1155
13478
1823
5222
4308
1160
7710
8767
14237
2543
14820
1929
22513
15699
10855
5970
8238
5170
15709
4486
18241
15327
22297
10598
23857
2578
23789
17376
237
18265
13415
14876
8173
7254
18477
9504
22804
2792
9672
10917
21995
23219
8948
19427
21964
7917
13413
9675
3897
24862
24351
20850
17566
16858
4799
3861
24357
1784
20774
10639
19603
22604
1157
11236
24467
13812
13857
3935
9630
14383
11754
14432
3341
23617
19502
4824
410
4219
20519
18521
11166
17475
4496
14364
6002
12176
8188
4303
2592
16089
11828
10561
12833
21045
5742
17490
8915
24264
23325
21773
6270
21461
24080
10486
20997
13034
14803
9431
20221
11769
19066
14539
23336
20151
8175
6807
19330
7186
3330
10244
541
1036
24192
723
15749
12311
19407
16318
16378
21009
1563
12527
13940
15165
1177
6505
8489
1827
7997
17153
13664
11427
17523
8732
9512
24955
18376
20390
12676
4912
16736
15577
1754
20478
9158
20130
12453
15398
16016
10548
4656
20494
10175
22003
9809
8772
12529
17509
1361
23440
17237
10634
1523
2070
24115
6421
24142
3248
18760
13409
20657
20731
3761
17424
4505
19186
16560
2536
13210
19519
21715
9907
10060
4267
21923
9692
24604
8735
4027
9118
22602
18902
19536
23573
15298
18178
4078
4276
8811
17317
10896
21069
24654
20184
11707
17585
8577
5022
1575
24398
5718
16267
14436
8886
15761
1309
1466
24452
14950
119
24152
16239
21832
2411
18933
12920
1664
9888
16968
4434
3886
15735
13382
6976
20190
4318
4827
12409
7600
19287
11050
1668
17034
22294
6520
12818
19590
7851
13145
11320
1471
6396
17079
10278
9252
7309
24303
6474
8292
23241
4088
1183
1886
11267
1058
16946
7874
21646
22089
16309
6891
6353
10777
9471
24374
24191
23247
23952
13578
2486
14060
21221
10104
5099
10362
13508
21736
20405
14936
21903
7091
19513
24006
17182
21836
12932
20867
6366
9740
11246
17579
19390
14646
4534
13543
24321
7878
8846
23741
11365
22686
17134
956
6648
20849
4807
22335
15705
14347
3783
10420
18193
10768
13149
4671
16875
20332
599
976
2816
22077
9166
7876
9575
20786
21777
8167
18152
12451
3360
8240
23447
8610
17694
24231
12848
23965
7810
13146
2211
11312
5064
22555
5260
23993
10869
16901
18179
14043
17726
21734
19432
6023
15469
22674
20254
1854
3526
1313
10487
1105
17423
24817
11215
15949
11553
15510
6096
8839
22727
21894
22179
5768
6496
23478
20678
2279
9967
24015
9722
8801
1654
15878
5309
20693
1009
14020
23647
23533
6814
1601
14506
10678
18832
11522
2282
7504
16993
16535
118
12690
11439
7085
18380
5344
642
20080
7315
9375
19705
8374
17506
1626
2046
6530
18856
4862
2802
18060
4413
7092
3184
17671
16228
12223
11593
5881
2833
18456
4359
10369
24007
16298
19548
3242
12750
24382
8293
7719
2987
4347
14647
24075
23075
13710
18819
10599
7493
17967
5973
3075
1113
7373
4275
12185
16434
10280
17180
22094
14909
13502
16313
8247
16568
18483
10779
18286
14096
7166
562
15387
15916
15074
11420
16211
14395
24730
12703
23586
1806
22135
8762
7304
19276
13939
12452
4758
17678
819
17977
3118
11982
8813
15148
3626
21993
16295
18624
14845
10028
5234
9579
22960
13460
3267
7844
1489
21188
6810
23975
14420
5905
2790
10712
7024
5935
6339
16101
18740
18212
11255
17804
24063
13458
3644
14623
16633
9961
17335
5879
6246
17091
1919
12854
6410
23249
24797
23687
15672
17758
7251
5824
2368
5029
4427
19008
6221
13944
4739
7187
10525
15808
3313
19175
11461
10587
16161
13191
11015
17066
1148
23897
12891
19206
13618
3424
18834
15580
20067
16862
7354
19723
9940
10977
6277
11663
24893
19031
21331
4608
16607
24673
14736
20840
15044
17589
3894
13303
113
13703
1674
3361
15624
16316
193
17924
22792
14675
3308
7308
22979
7613
20087
8254
8891
18559
14460
4613
15557
11670
20779
12943
14371
8950
3666
23811
16846
20172
17120
1255
11596
133
20692
15829
101
13328
18739
2943
9511
11994
6174
21144
6797
22972
6991
10910
23935
17604
20614
9020
17127
19434
2304
13497
12107
5761
10670
1091
2040
9331
8206
9221
10154
260
6266
4253
9106
11108
16320
6235
3329
4861
24498
16301
1591
10529
2462
11213
14074
24424
5499
7799
8010
2785
1572
20147
7891
22782
4370
12736
14522
12561
2948
5745
21555
3603
1016
387
6061
21935
22713
9555
3730
4590
21696
20266
14202
23537
17143
155
8436
13740
17901
9131
7128
24602
16686
12825
7222
4761
9594
15867
22458
17922
3853
3705
18821
17200
8000
6969
8068
9535
24106
13574
15395
15077
18505
8780
15200
8524
18271
21510
22267
22274
24417
21483
19817
21614
4462
13967
8121
9586
16558
2281
18301
24542
2591
10585
17457
24022
2907
15235
5446
14963
5652
10694
24003
6965
4652
22347
7441
15647
1880
21941
15923
6957
8674
9827
23929
231
23389
13609
2228
186
5674
3857
9700
581
24591
19018
2962
18294
3026
15385
4117
22416
22990
24370
7583
9206
5295
1229
13461
21402
16421
22509
13419
14199
13878
14070
13619
14213
3190
7524
2964
9259
24695
4878
8599
416
7066
15990
2323
7020
22474
4390
20656
1868
22124
10995
7677
18711
573
13048
10763
10166
15971
14829
7366
22740
17655
17605
15724
1887
5305
3584
16249
14669
17643
10974
19754
21517
16910
24936
4544
15427
17009
23686
5617
17766
7852
23807
19728
18027
3759
15924
2880
17441
9947
3289
17454
9936
4096
12507
22418
3061
16078
7561
24928
8840
20568
5559
20679
4960
9621
9605
19269
20042
4457
2345
10302
11531
5500
23477
20529
18098
16545
3355
10724
23986
23303
21208
22254
21353
14487
7527
7006
24596
14716
12840
10413
20557
8157
6554
2381
7694
10807
21861
17444
12914
2528
24577
3713
8050
20962
22409
3800
14628
11380
454
3078
7705
9065
1926
4628
2587
12582
8102
12903
13057
5156
5952
12300
22917
16630
12611
17847
15523
15285
2594
8716
11438
1835
9704
18653
21001
19049
2909
2547
14249
15622
2414
7566
11152
12163
12169
20232
21647
23554
20941
14801
18858
20495
16798
3494
3282
22485
20350
20400
9649
20269
21342
17897
5204
18342
24949
13404
23548
7392
13854
19076
744
3711
12654
8607
23871
16357
14762
6029
4467
18218
14599
897
2033
4412
9591
19616
6441
20238
768
22928
24144
3161
15163
12462
16054
10999
20705
15101
12230
8048
2539
23072
22613
24973
4837
10748
23876
13179
18549
22873
1898
13347
19907
19503
15682
13731
17284
20893
19447
22952
21019
22248
13388
3380
2163
16045
15492
568
13250
24676
8885
1142
15371
9486
20875
19620
10107
14550
13290
3027
18883
23534
19078
15249
20225
4686
223
11179
16447
1798
9747
15308
4129
15555
9674
4908
6786
19794
10843
17563
5325
22079
5330
16733
8626
5605
15255
24616
21699
4161
5555
12106
3925
9130
23328
4048
6467
18667
21739
2793
17879
10572
4717
24585
13058
2263
1813
3798
23378
3378
23832
23061
16426
19050
10132
17929
17705
19665
14271
11014
20538
17246
21419
571
12049
9392
20639
19674
9830
17219
9646
5979
3382
14236
8493
17400
21344
16853
21926
14967
7900
20558
14157
22862
7627
15440
14287
12794
18806
21688
4469
16230
350
24431
20473
16942
7348
14826
2670
14966
7582
1701
9362
7649
5936
7008
15819
4401
6577
7003
11283
18801
9297
5574
12094
2100
8752
8609
7326
11176
6190
7822
774
24787
6579
12771
11586
12483
23221
23392
13072
8913
14059
752
4286
22802
13094
17555
7830
22557
8799
22468
18753
19708
17440
5722
1290
22525
6456
24705
12728
22417
21219
19401
3390
15466
24994
17070
20109
7061
20838
14405
5519
9701
10034
12024
7793
14311
16177
3863
6439
10623
3491
17484
15443
17300
15324
12210
23296
4865
21513
4094
986
6178
11973
18990
23560
16206
12886
10183
990
9368
2067
16618
12875
13243
18565
19893
9666
18752
9273
22882
3091
668
3288
21874
1941
3582
17310
23934
5124
20981
24206
21293
2730
15180
16591
6661
9614
13418
16346
8246
16462
9501
8035
2384
12061
10479
2123
12579
3924
4050
22927
16841
952
19753
16282
7182
4959
12928
5685
12166
17243
5921
13835
20610
7985
9723
16113
2199
5925
12523
13749
16763
21081
21859
19994
5206
20357
779
2131
9263
16548
14014
6846
7154
20345
507
6649
5035
23543
6816
23785
16971
19294
13411
8860
2377
8546
4766
13495
16777
24881
295
1613
15954
2178
3873
3956
15483
8552
19248
3733
2751
18537
10750
13153
12297
6345
11682
9798
4729
7825
6067
6187
14545
16494
23474
16982
9624
20355
6305
10434
21638
3141
21330
3031
20339
18595
239
17373
3532
4709
20298
5316
7311
13011
12564
12291
18035
3231
6491
24166
13901
9608
16265
8622
23038
10372
5353
2735
17768
16081
17477
1245
15244
24731
17075
22953
8355
4615
20647
15334
22289
935
24051
2695
21636
3110
17959
14142
22058
18015
13379
8519
15846
2947
4529
1162
24831
11349
18055
22866
6045
20149
11672
11820
11134
11220
14562
19311
22631
22623
15130
6992
18692
5557
3422
15496
22878
7519
5140
11250
5497
20756
18722
17565
1469
24366
6695
2963
21821
10901
24101
11839
11428
20
24205
6563
10895
2245
22609
24320
14313
12647
3642
9505
14519
3585
7749
21197
11733
6872
17030
18322
11508
12078
18601
8036
2318
23028
16998
23128
3820
7437
24315
4653
1883
24076
24645
18918
16726
1414
18075
18641
10119
8447
931
11281
23908
8394
1321
21374
15329
6845
8466
2763
12532
4461
7676
21174
22101
12429
22926
9391
16623
1925
14836
22192
15909
16408
224
13643
5320
10230
74
14608
24880
17494
3804
5462
15423
464
24457
6423
23938
10657
4635
17558
9583
12782
9002
396
9942
2148
19669
17925
16487
4935
9350
15054
7774
4357
21531
7581
5255
19399
23644
4730
8810
19322
22797
22864
10148
17864
22790
10514
175
7230
12469
8409
16165
15005
17744
2746
14833
23683
4362
11938
16823
12896
16112
2605
18857
17748
22749
8701
216
8341
13262
24154
16506
11800
22621
19950
19254
215
13529
3546
14974
11177
19637
8588
8294
19953
23032
22774
1678
6355
22193
10477
12036
7658
24864
17515
8963
9016
12763
4294
7697
14328
20035
4622
18484
15315
23289
11128
5839
1730
20212
19676
4199
24713
15875
10108
16699
20474
1512
11914
14672
5047
19150
23204
15066
11525
22181
18785
18829
15533
23916
16709
23071
19737
12631
3895
1609
13627
2388
20948
3610
23546
10144
17856
13626
15771
8849
16419
4368
14998
22647
4186
2920
19180
24053
13428
1825
2265
6500
3775
14128
2380
3030
17713
2097
975
15079
12665
3870
2394
15131
19068
3580
8903
24554
15058
21307
18446
8144
17779
24875
21814
12977
4895
22467
21771
11901
1074
23721
12727
1432
428
7404
15935
4244
12861
10082
14295
15060
21469
23255
174
592
12438
22778
10374
19647
12969
16604
1071
19321
847
8014
17938
6973
4891
18078
23816
15153
13897
19329
5624
12243
15457
6981
5517
12460
15013
251
8326
17318
21267
6944
18988
7037
1098
3703
4324
9193
4712
9863
20877
24512
8281
12584
10832
7349
8078
9771
20956
14320
7541
15151
16332
16422
2879
20036
9404
4734
4089
7869
1318
20260
22905
11460
5796
9249
18707
10200
284
4930
4520
20675
22580
19159
23312
7743
1779
19500
24168
24450
2533
13085
24276
4187
24367
4062
18417
18852
5015
8192
10263
8446
17612
14547
10474
23779
2242
12437
11088
4985
3002
3632
23162
14379
15989
4548
1608
21037
15338
5369
1610
16192
24635
19274
11360
12020
18767
16479
23632
1461
11545
6117
13770
6735
18177
20950
3084
22308
6515
24100
11153
22332
6772
24760
7032
19000
13556
9842
15384
18253
11988
17775
22388
13408
13612
23031
19777
18916
16297
22339
13816
15937
11501
24623
10079
22949
17940
20394
15230
23880
15790
18361
247
4079
21756
19404
4282
6255
2973
5958
8382
16793
3755
17227
22615
4124
3729
9307
22322
17447
13580
10167
7908
10121
6238
7672
15490
15223
22423
21375
10632
20977
15992
3747
20144
20804
22365
15316
3553
17473
14083
4621
13369
14382
3998
5705
23698
16245
14735
6296
3854
5564
11288
7698
18765
18197
23145
14260
23342
7680
16270
4241
15123
12893
13135
2438
6619
567
23427
15877
10445
21747
11313
19913
22980
328
21241
22128
11066
5094
11840
7587
3168
6144
9048
8267
22965
22859
17556
19635
13617
1320
1942
8925
23048
19507
13891
5692
10117
15788
504
4072
9713
24537
7896
15517
4209
10342
14589
19823
3575
4195
5456
18095
8086
8998
11168
15553
18724
3682
17738
18570
6406
17656
3604
13911
5943
6363
14362
14561
11785
22034
9581
16637
20015
4246
19750
19698
24344
13142
20431
4101
7228
22434
17974
9341
22914
17703
12280
10056
6720
19657
6711
20445
6191
4151
2469
13674
21268
12511
10806
4070
21591
18802
7330
7069
5308
20030
10096
2139
1623
18345
19275
22755
13633
2566
9201
13213
1303
9338
7234
24719
23567
22546
4339
3192
20626
11834
1474
11674
10960
11037
17381
4919
17562
5571
23888
9208
16819
24384
22899
7015
12792
6795
1725
4047
6128
1639
20403
15602
21705
22923
150
2214
4876
20071
3907
8820
3699
5730
12609
6377
12372
20045
13814
19773
19411
15826
17315
17099
23889
5257
11330
11882
3012
6328
16272
23431
14378
4857
21758
7371
23761
10788
7218
11098
4184
17354
2625
13942
8501
14193
23777
16325
12831
6489
18978
11605
2889
11512
15011
13059
20764
18670
14921
21806
4388
12403
23576
17233
5601
6547
15482
5919
4819
142
22060
4727
4570
19496
17193
7988
16625
11580
4213
9775
7875
8957
14840
24631
1688
1744
4599
9481
15412
18905
9750
11952
10361
2363
12697
7522
22653
6476
14606
9470
20462
6769
